                   MONTHLY CLIMATOLOGICAL SUMMARY for okt 2020


NAME: Midtsjlland, Danmark                  
ELEV: 94 meters    LAT: 55-34.51 N    LONG: 011-49.59 E


                   TEMPERATURE (C), RAIN (mm), WIND SPEED (m/s)

                                         HEAT   COOL         AVG
      MEAN                               DEG    DEG          WIND                   DOM
DAY   TEMP   HIGH   TIME    LOW   TIME   DAYS   DAYS   RAIN  SPEED   HIGH   TIME    DIR
---------------------------------------------------------------------------------------
 01   13,6   16,5  12:20   11,5  07:52    4,8    0,0    0,0    3,7   11,4  19:40     84
 02   13,8   15,2  10:10   12,9  06:26    4,6    0,0    6,0    3,8   13,1  15:49     91
 03   14,7   16,7  12:32   12,8  06:49    3,6    0,0    0,0    6,0   16,9  17:47     72
 04   14,0   17,5  15:42    9,9  23:25    4,3    0,0    3,3    2,0   10,6  01:25     95
 05   13,0   18,9  14:10    8,6  05:17    5,3    0,0    9,4    2,7    7,5  11:05    100
 06   11,1   14,0  11:37    8,5  07:18    7,2    0,0    0,7    2,0    6,9  11:18    106
 07   11,9   16,8  11:47    9,1  22:11    6,4    0,0    0,7    1,6    6,1  12:53    163
 08   10,8   13,6  23:30    9,1  01:36    7,5    0,0    6,0    2,3    6,9  11:10    158
 09   10,9   17,0  12:59    6,7  07:49    7,4    0,0    0,0    1,8   10,0  01:09    238
 10    8,7   14,0  13:38    5,2  22:13    9,6    0,0    8,7    0,9    3,6  12:35    182
 11    8,0   12,9  13:19    4,0  23:47   10,4    0,0    0,0    1,4    5,3  10:41    165
 12    7,9   15,6  12:45    3,4  01:31   10,4    0,0    0,0    0,2    4,4  13:23    254
 13    8,7   16,5  11:26    4,8  04:43    9,6    0,0    0,0    0,1    4,4  12:27     97
 14    7,0   11,4  13:03    3,8  06:51   11,3    0,0    0,7    2,4    8,3  13:07    353
 15    6,3   11,4  14:28    1,0  23:55   12,1    0,0    0,0    2,1    6,1  01:20    359
 16    6,9   15,1  10:12    0,4  02:41   11,4    0,0    0,0    0,3    3,1  12:20    342
 17    7,0   14,3  14:00    0,5  07:31   11,4    0,0    0,0    0,4    3,6  16:33    273
 18    7,7   12,7  14:05    3,1  21:37   10,7    0,0    0,0    2,1    8,3  01:51    276
 19    7,3   14,5  14:28    2,5  02:42   11,1    0,0    0,0    0,9    6,1  13:34    239
 20    8,5   10,8  14:06    7,4  04:15    9,8    0,0    0,0    3,1    8,3  11:39    143
 21   11,0   12,6  23:58    9,4  00:00    7,3    0,0    4,0    2,6    9,2  23:49    154
 22   13,0   15,0  11:12   11,3  20:09    5,4    0,0    0,7    3,7    9,2  01:13    200
 23   10,1   13,2  13:41    7,7  20:41    8,2    0,0    0,6    1,4    6,1  00:12    205
 24   10,9   14,3  13:18    8,8  00:00    7,4    0,0    3,4    1,8    4,4  00:43    106
 25   11,6   13,5  10:13    9,2  23:58    6,8    0,0   12,7    3,7    9,2  07:01     94
 26    9,9   11,1  13:12    7,7  23:58    8,5    0,0    3,4    1,9    5,3  09:21     99
 27    8,1    9,7  15:06    5,8  04:25   10,3    0,0    0,0    3,2    7,5  11:35     88
 28    9,5   12,1  12:27    8,0  03:25    8,9    0,0    4,0    3,6    8,3  04:49     63
 29    7,8   10,2  14:43    5,9  20:28   10,5    0,0    4,0    1,3    7,5  14:42    135
 30    8,5   10,7  23:53    6,0  00:31    9,9    0,0    3,3    2,2    7,5  11:34    112
 31   11,3   12,6  13:01   10,2  17:07    7,1    0,0    2,1    1,4    6,9  22:49    118
---------------------------------------------------------------------------------------
      10,0   18,9     05    0,4     16  259,1    0,0   73,7    2,1   16,9     03    111
    
