                   MONTHLY CLIMATOLOGICAL SUMMARY for jan 2021


NAME: Midtsjlland, Danmark                  
ELEV: 94 meters    LAT: 55-34.51 N    LONG: 011-49.59 E


                   TEMPERATURE (C), RAIN (mm), WIND SPEED (m/s)

                                         HEAT   COOL         AVG
      MEAN                               DEG    DEG          WIND                   DOM
DAY   TEMP   HIGH   TIME    LOW   TIME   DAYS   DAYS   RAIN  SPEED   HIGH   TIME    DIR
---------------------------------------------------------------------------------------
 01
 02
 03
 04
 05
 06
 07
 08
 09
 10
 11    3,2    3,9  23:57    2,2  08:43   15,2    0,0    4,0    5,9   10,0  22:18    203
 12    1,1    4,5  02:03   -0,6  17:45   17,2    0,0    2,7    3,0   15,3  02:17    253
 13    0,6    1,9  03:16   -0,9  23:21   17,8    0,0    3,3    4,8   11,4  16:48    307
 14   -0,6    1,4  10:16   -2,3  23:59   18,9    0,0    0,0    2,5    8,3  00:24    359
 15   -3,1   -1,7  20:26   -7,4  08:35   21,4    0,0    0,0    1,6    5,3  10:59    353
 16   -3,9    0,2  09:46   -7,4  02:35   22,3    0,0    0,0    1,0    5,3  13:30    297
 17   -3,1    2,3  10:39   -6,6  05:11   21,4    0,0    0,0    0,7    3,6  21:56    131
 18   -0,6    2,2  23:42   -3,0  00:05   18,9    0,0    1,3    3,0    8,3  12:19    160
 19    1,5    2,3  23:55    0,4  14:24   16,8    0,0    2,7    2,8    9,2  11:11    162
 20    4,8    6,0  17:34    2,3  00:00   13,5    0,0    9,4    4,4    9,2  11:49    180
 21    5,4    7,8  10:38    4,1  23:40   12,9    0,0    0,7    7,2   15,3  10:30    174
 22    3,8    6,2  07:04    1,6  08:26   14,5    0,0    6,0    5,8   10,6  05:21    193
 23    1,7    3,6  00:01    0,4  18:40   16,7    0,0    0,0    2,3    5,3  00:14    167
 24    1,3    3,0  13:49    0,1  03:51   17,1    0,0    0,0    1,0    4,4  01:04    154
 25    0,7    1,7  15:18    0,0  08:46   17,7    0,0    1,3    1,5    6,9  17:17    258
 26   -0,1    2,1  13:38   -1,5  21:46   18,4    0,0    0,0    1,3    6,9  13:25    284
 27    0,5    1,5  11:07   -1,3  05:18   17,9    0,0    0,7    1,5    3,6  01:43    192
 28   -1,8    0,2  01:58   -4,9  23:36   20,1    0,0    0,0    0,6    5,3  16:00    325
 29   -3,8   -0,8  12:40   -7,2  02:14   22,1    0,0    0,0    0,4    4,4  11:36     70
 30   -2,4    0,0  12:16   -6,5  06:29   20,7    0,0    0,0    1,3    5,3  11:22    261
 31   -0,2    2,0  10:42   -1,9  20:07   18,5    0,0    0,0    2,0   10,0  12:55    258
---------------------------------------------------------------------------------------
       0,2    7,8     21   -7,4     15  379,9    0,0   32,1    2,5   15,3     12    203
    
