                   MONTHLY CLIMATOLOGICAL SUMMARY for aug 2022


NAME: Midtsjlland, Danmark                  
ELEV: 94 meters    LAT: 55-34.51 N    LONG: 011-49.59 E


                   TEMPERATURE (C), RAIN (mm), WIND SPEED (m/s)

                                         HEAT   COOL         AVG
      MEAN                               DEG    DEG          WIND                   DOM
DAY   TEMP   HIGH   TIME    LOW   TIME   DAYS   DAYS   RAIN  SPEED   HIGH   TIME    DIR
---------------------------------------------------------------------------------------
 01   25,9   44,2  04:45   11,5  23:45    0,0    7,5    2,0    3,3   14,4  11:51    273
 02   15,6   22,5  15:25    9,6  04:16    2,7    0,0    0,7    2,6    7,5  15:09    101
 03   22,6   28,6  15:41   16,6  00:00    0,0    4,3    0,0    4,7   12,2  12:36    174
 04   25,7   34,1  15:33   18,7  00:55    0,0    7,4    1,3    1,8    7,5  11:31    135
 05   17,9   23,4  01:37   13,9  23:30    0,4    0,0    0,7    2,4    6,9  23:55    220
 06   14,6   19,8  14:18   10,9  04:00    3,7    0,0    1,3    5,8   16,9  15:34    261
 07   14,7   18,5  15:23   10,5  04:10    3,6    0,0    0,7    3,0    8,3  13:51    192
 08   17,9   23,8  18:46   14,0  01:45    0,5    0,0    0,0    0,9    4,4  15:04    180
 09   19,6   27,4  13:09   14,3  01:25    0,0    1,3    0,0    0,3    3,1  13:18    315
 10   21,1   29,7  14:20   13,8  05:20    0,0    2,8    0,0    0,7    6,9  13:45     57
 11   23,5   33,2  15:08   16,1  01:20    0,0    5,2    0,0    0,7    3,6  10:36     59
 12   23,4   32,4  14:13   13,9  04:41    0,0    5,1    0,0    1,4    4,4  14:30    348
 13   26,2   32,8  12:22   19,0  00:00    0,0    7,8    0,0    1,8    4,4  13:30      0
 14   23,6   29,3  15:56   17,9  03:30    0,0    5,3    0,0    3,0    7,5  14:54     54
 15   23,0   29,0  15:00   16,7  02:19    0,0    4,7    0,0    3,8    8,3  11:21     90
 16   23,7   26,2  17:28   20,8  22:55    0,0    5,3    2,0    3,1    6,9  16:25    133
 17   24,7   33,5  09:02   19,9  23:42    0,0    6,3    0,0    0,9    3,6  14:17    120
 18   25,9   42,0  07:48   19,3  02:30    0,0    7,6    2,0    1,6    6,1  11:50     52
 19   24,3   30,1  05:19   21,0  21:59    0,0    6,0    0,7    0,4    3,1  00:40    346
 20   22,9   27,1  15:15   15,7  22:34    0,0    4,5    0,0    1,1    3,6  01:40    253
 21   19,0   24,6  15:20   14,9  01:42    0,0    0,6    0,0    2,8    9,2  14:14    210
 22   19,3   30,1  15:18   13,9  03:54    0,0    1,0    0,0    0,9    5,3  15:45      9
 23   20,3   27,9  16:03   14,2  05:13    0,0    1,9    0,0    1,8    6,1  10:31     25
 24   21,8   30,1  15:30   16,3  00:00    0,0    3,5    0,0    1,8    6,9  10:05    105
 25   22,0   26,4  07:04   17,4  00:00    0,0    3,7    0,0    3,2    8,3  17:20     73
 26   24,1   29,3  14:10   21,0  00:00    0,0    5,7    0,0    2,5    8,3  11:39     62
 27   27,9   48,8  06:45   18,2  21:14    0,0    9,6   13,4    1,1    6,9  06:00    308
 28   18,7   21,1  07:55   16,3  21:53    0,0    0,4    2,0    3,5   11,4  23:23    261
 29   17,0   18,9  13:22   14,0  23:56    1,4    0,0    0,6    1,5    4,4  02:25    344
 30   16,0   23,4  14:09   10,6  05:59    2,3    0,0    0,0    0,7    4,4  14:48    319
 31   15,7   25,5  16:22    8,8  06:10    2,6    0,0    0,0    0,2    3,6  11:11    344
---------------------------------------------------------------------------------------
      21,2   48,8     27    8,8     31   17,2  107,6   27,4    2,0   16,9     06    113
    
