                   MONTHLY CLIMATOLOGICAL SUMMARY for nov 2021


NAME: Midtsjlland, Danmark                  
ELEV: 94 meters    LAT: 55-34.51 N    LONG: 011-49.59 E


                   TEMPERATURE (C), RAIN (mm), WIND SPEED (m/s)

                                         HEAT   COOL         AVG
      MEAN                               DEG    DEG          WIND                   DOM
DAY   TEMP   HIGH   TIME    LOW   TIME   DAYS   DAYS   RAIN  SPEED   HIGH   TIME    DIR
---------------------------------------------------------------------------------------
 01   10,2   12,2  03:03    8,0  23:38    8,2    0,0    1,3    3,0    7,5  00:10    160
 02    8,1   12,1  15:43    5,3  23:43   10,2    0,0    0,0    0,8    3,6  03:40    143
 03    6,5   12,5  12:54    2,2  06:50   11,8    0,0    0,0    0,0    0,6  02:51     95
 04    6,9    7,7  10:43    5,6  00:05   11,4    0,0    1,4    1,6    4,4  19:45    356
 05    7,9    9,9  14:02    6,3  08:09   10,5    0,0    0,0    3,9   10,0  14:24    284
 06    9,1   11,0  11:35    7,6  03:41    9,2    0,0    4,0    2,6    5,3  11:31    217
 07    8,2    9,8  14:28    6,3  22:31   10,1    0,0    4,0    2,8    7,5  12:50    225
 08    6,2    8,1  00:48    4,5  21:53   12,2    0,0    1,3    1,6    6,9  22:20     56
 09    8,0    9,6  11:53    5,0  00:00   10,3    0,0    0,0    3,7    6,1  12:58    173
 10    9,6   10,8  22:33    8,2  06:51    8,7    0,0    0,0    1,7    5,3  04:25    197
 11    9,4   10,9  14:05    5,6  22:20    8,9    0,0    0,7    1,0    6,9  17:45    260
 12    7,8   10,6  11:02    6,1  00:01   10,5    0,0    0,7    2,0    7,5  21:01     86
 13    6,7    7,5  00:00    6,2  04:11   11,7    0,0    0,0    1,8    6,9  01:10    100
 14    6,8    7,3  07:23    6,3  21:06   11,5    0,0    0,0    0,7    6,9  23:00     81
 15    6,6    7,7  11:37    5,4  22:45   11,7    0,0    0,6    1,1    3,6  14:45     90
 16    4,8    5,9  12:49    3,9  22:30   13,5    0,0    0,0    0,4    2,2  01:25     87
 17    5,2    7,8  18:22    3,1  04:44   13,1    0,0    1,4    1,8    5,3  09:50    231
 18    8,7   11,6  20:16    5,0  01:05    9,7    0,0    2,0    3,9   12,2  22:24    242
 19   11,1   11,9  11:31    8,9  23:45    7,2    0,0    0,0    6,8   12,2  17:59    267
 20    9,7   11,6  13:31    8,4  21:23    8,6    0,0    0,0    5,0   10,6  01:25    249
 21    4,9    8,7  01:20   -0,3  22:14   13,4    0,0    0,0    2,3    6,9  10:30    281
 22    2,7    7,5  11:14   -2,3  08:15   15,6    0,0    0,7    0,9    5,3  23:35    229
 23    6,9    7,9  13:00    5,0  07:44   11,5    0,0    0,0    4,5    9,2  20:53    276
 24    7,0    7,6  19:25    6,4  23:20   11,4    0,0    0,6    3,7    8,3  00:00    260
 25    5,5    6,4  00:00    3,1  23:57   12,9    0,0    2,7    3,1    8,3  21:22    254
 26    2,3    4,1  14:24    0,6  08:04   16,0    0,0    1,4    1,4    3,6  17:24    141
 27    2,6    3,3  13:15    1,3  05:20   15,7    0,0   10,0    0,8    3,1  00:20     81
 28    3,1    4,1  19:30    1,2  00:38   15,2    0,0    4,0    0,2    1,4  14:30    357
 29    0,6    3,2  00:11   -1,7  19:03   17,7    0,0    0,7    1,0    3,6  08:52    331
 30    0,8    4,2  07:20   -3,2  23:34   17,5    0,0    4,7    4,2   14,4  11:24    291
---------------------------------------------------------------------------------------
       6,5   12,5     03   -3,2     30  356,1    0,0   42,2    2,3   14,4     30    247
    
