                     CLIMATOLOGICAL SUMMARY for year 2020


NAME: Midtsjlland, Danmark                  
ELEV: 94 meters    LAT: 55-34.51 N    LONG: 011-49.59 E


                                       TEMPERATURE (C)

                              HEAT    COOL                              MAX    MAX    MIN    MIN
          MEAN   MEAN         DEG     DEG                                >=     <=     <=     <=
 YR  MO   MAX    MIN    MEAN  DAYS    DAYS      HI  DAY     LOW  DAY     30      0      0    -20
------------------------------------------------------------------------------------------------
2020 01
2020 02
2020 03
2020 04
2020 05   22,5    6,3   14,5   23,2    0,0    26,2   30     5,1   29      0      0      0      0
2020 06   24,7   11,4   17,5   49,1   24,8    33,7   24     6,6   01      3      0      0      0
2020 07   22,4   10,4   15,7   88,4    6,3    30,8   19     6,6   10      1      0      0      0
2020 08   26,9   13,4   19,4   34,5   66,6    36,7   08     7,5   31     11      0      0      0
2020 09   21,4    9,3   14,3  121,7    1,0    29,1   15     0,0   16      0      0      2      0
2020 10   13,9    6,9   10,0  259,1    0,0    18,9   05     0,4   16      0      0      0      0
2020 11    9,4    4,6    7,0  340,0    0,0    15,6   02    -4,3   28      0      0      5      0
2020 12    5,0    1,9    3,6  414,0    0,0     8,0   22    -1,8   25      0      0      3      0
------------------------------------------------------------------------------------------------
          17,9    8,3   12,7 1330,0   98,7    36,7  aug    -4,3  nov     15      0     10      0


                  PRECIPITATION (mm)

                  MAX         ---DAYS OF RAIN---
                  OBS.               OVER
 YR  MO  TOTAL    DAY  DATE   0.30   3.00  30.00
------------------------------------------------
2020 01
2020 02
2020 03
2020 04
2020 05    0,0    0,0    27      0      0      0
2020 06   70,4   32,8    20     11      6      1
2020 07   55,6   16,8    04     17      7      0
2020 08   71,7   28,8    27     10      5      0
2020 09   54,2   32,8    25      9      2      1
2020 10   73,7   12,7    25     18     12      0
2020 11   25,3    6,7    02     17      2      0
2020 12   32,2    7,4    15     13      5      0
------------------------------------------------
         383,1   32,8   jun     95     39      2


           WIND SPEED (m/s)

                                DOM
 YR  MO    AVG     HI   DATE    DIR
-----------------------------------
2020 01
2020 02
2020 03
2020 04
2020 05    0,3    7,5     31    343 
2020 06    1,3   15,3     04     88 
2020 07    1,1    9,2     05    271 
2020 08    0,9   10,6     17     92 
2020 09    1,0   10,6     08    289 
2020 10    2,1   16,9     03    111 
2020 11    2,9   16,1     19    198 
2020 12    3,2   16,9     22    142 
-----------------------------------
           1,7   16,9    okt    150
