                   MONTHLY CLIMATOLOGICAL SUMMARY for jun 2021


NAME: Midtsjlland, Danmark                  
ELEV: 94 meters    LAT: 55-34.51 N    LONG: 011-49.59 E


                   TEMPERATURE (C), RAIN (mm), WIND SPEED (m/s)

                                         HEAT   COOL         AVG
      MEAN                               DEG    DEG          WIND                   DOM
DAY   TEMP   HIGH   TIME    LOW   TIME   DAYS   DAYS   RAIN  SPEED   HIGH   TIME    DIR
---------------------------------------------------------------------------------------
 01   14,9   21,8  17:32    9,5  05:28    3,5    0,0    0,0    1,3    6,9  19:45    114
 02   13,6   18,6  15:17    7,7  04:11    4,7    0,0    0,0    3,5   11,4  16:50    102
 03   16,7   22,7  14:37   11,7  03:10    1,6    0,0    0,0    5,3   10,6  14:35    104
 04   15,9   21,9  09:01   11,6  05:09    2,5    0,0    0,0    2,6    6,9  19:05    103
 05   17,8   24,2  14:35   11,9  04:40    0,5    0,0    0,0    3,0    8,3  12:41    106
 06   20,7   32,0  14:20   13,1  05:51    0,0    2,3    0,0    0,7    4,4  11:15    105
 07   17,9   24,0  15:05   14,0  23:55    0,5    0,0    0,0    0,5    3,6  11:25    345
 08   17,0   23,0  12:46   11,6  04:43    1,4    0,0    0,0    1,3    5,3  17:00    304
 09   18,6   26,3  13:36   11,2  05:21    0,0    0,3    0,0    0,9    4,4  15:46    274
 10   19,2   27,0  12:03   10,8  05:10    0,0    0,9    0,0    0,4    3,1  18:42    274
 11   19,7   26,8  12:52   13,1  04:21    0,0    1,3    0,0    0,4    3,6  10:23    260
 12   15,1   17,5  14:50   11,2  23:41    3,3    0,0    0,0    4,2   10,6  18:16    281
 13   14,6   19,7  17:09   10,3  04:52    3,7    0,0    0,0    3,8    8,3  08:11    287
 14   17,2   24,0  16:50   10,7  02:15    1,1    0,0    0,0    1,5    5,3  15:45    213
 15   15,4   21,1  17:10    9,8  04:59    2,9    0,0    0,0    1,5    6,1  12:08    291
 16   17,0   25,3  15:31    7,7  04:29    1,3    0,0    0,0    1,5    5,3  16:04    132
 17   20,9   28,4  12:39   13,3  00:04    0,0    2,6    0,0    3,9    8,3  15:06    117
 18   25,8   37,7  12:37   18,6  22:00    0,0    7,4    0,0    1,5    6,1  00:29    111
 19   24,6   34,5  13:10   15,5  23:55    0,0    6,3    0,0    1,6    4,4  00:11    151
 20   19,9   25,6  16:31   13,1  23:59    0,0    1,5    2,7    1,5    7,5  09:09    131
 21   14,5   18,7  12:06   12,2  01:02    3,9    0,0    2,0    1,4    4,4  17:33    329
 22   15,9   24,5  15:19   11,4  05:08    2,5    0,0    0,0    0,8    3,6  09:23    268
 23   15,7   20,9  14:29   11,7  00:37    2,7    0,0    0,0    0,5    3,1  10:37    287
 24   17,5   24,7  13:18   11,6  01:05    0,9    0,0    0,0    0,4    2,2  10:03    300
 25   17,0   24,7  17:17   13,2  07:42    1,3    0,0    0,0    0,7    3,1  04:18    301
 26   18,6   27,0  12:25   13,7  23:58    0,0    0,2    0,0    1,1    4,4  15:11    294
 27   18,0   27,5  14:51   13,5  01:14    0,4    0,0    0,0    0,6    3,1  10:40    280
 28   21,4   32,0  16:33   11,7  04:40    0,0    3,0    0,0    0,2    2,2  12:58    284
 29   22,0   30,6  11:52   12,9  03:09    0,0    3,6    0,6    0,6    5,3  14:20    100
 30   16,9   20,5  11:12   14,7  05:26    1,4    0,0   10,1    0,3    2,2  15:45    358
---------------------------------------------------------------------------------------
      18,0   37,7     18    7,7     02   40,0   29,5   15,4    1,6   11,4     02    123
    
