                   MONTHLY CLIMATOLOGICAL SUMMARY for maj 2022


NAME: Midtsjlland, Danmark                  
ELEV: 94 meters    LAT: 55-34.51 N    LONG: 011-49.59 E


                   TEMPERATURE (C), RAIN (mm), WIND SPEED (m/s)

                                         HEAT   COOL         AVG
      MEAN                               DEG    DEG          WIND                   DOM
DAY   TEMP   HIGH   TIME    LOW   TIME   DAYS   DAYS   RAIN  SPEED   HIGH   TIME    DIR
---------------------------------------------------------------------------------------
 01    9,6   16,6  18:20    4,4  23:53    8,7    0,0    0,0    0,6    3,6  11:06     64
 02   10,2   16,3  15:42    3,6  03:18    8,1    0,0    0,0    2,1    7,5  14:48    273
 03   11,3   19,5  15:36    5,1  23:55    7,1    0,0    0,0    1,4    6,9  07:45    262
 04   10,5   16,5  09:44    4,5  00:42    7,9    0,0    0,0    1,2    5,3  14:45     88
 05   11,2   20,3  15:21    6,2  01:40    7,1    0,0    0,0    1,7    5,3  15:55    302
 06   11,9   19,8  14:45    5,2  04:21    6,5    0,0    0,0    0,5    3,6  13:35    217
 07   12,4   18,5  14:40    6,0  23:35    5,9    0,0    0,0    2,6   10,0  15:01    292
 08   11,1   19,1  16:40    3,5  04:08    7,2    0,0    0,0    1,2    5,3  13:47    301
 09   12,9   19,2  14:01    5,6  00:17    5,5    0,0    0,0    3,4    7,5  15:15     91
 10   14,8   21,2  13:08    8,9  01:29    3,5    0,0    3,3    2,9    5,3  00:05    112
 11   20,4   34,7  07:16   13,8  17:10    0,0    2,1    2,7    1,3    4,4  11:22    151
 12   18,1   46,2  01:45    8,2  23:44    0,2    0,0    5,4    2,6    8,3  08:35    292
 13   11,3   16,9  13:53    7,6  02:27    7,0    0,0    0,7    1,2    5,3  16:11    240
 14   12,0   16,0  16:03    7,2  23:11    6,3    0,0    0,0    4,0   10,6  15:55    262
 15   12,1   18,4  16:29    5,7  02:00    6,2    0,0    0,0    1,7    6,9  15:19    271
 16   13,8   22,4  13:24    6,1  04:45    4,5    0,0    0,0    0,6    4,4  17:42    331
 17   14,0   20,6  10:46    8,5  23:37    4,4    0,0    0,0    2,8    9,2  13:51     41
 18   13,1   19,7  15:50    7,7  04:47    5,2    0,0    0,0    4,5   10,0  09:57     72
 19   19,1   27,5  15:21   12,3  00:00    0,0    0,7    0,0    1,4    4,4  00:50     39
 20   14,7   19,6  17:51   11,7  23:46    3,6    0,0    0,0    1,5    6,1  06:47    315
 21   11,6   15,4  17:50    8,8  06:13    6,8    0,0    2,6    3,5   14,4  12:10    265
 22   13,3   20,2  15:57    9,2  01:59    5,0    0,0    0,0    2,3   11,4  15:17    275
 23   14,0   19,8  12:46    8,3  02:26    4,3    0,0    0,0    4,5   13,1  22:32     80
 24   13,4   16,8  14:37   10,5  23:54    5,0    0,0    4,7    5,3   10,6  00:25     76
 25   12,3   15,9  13:08   10,1  14:16    6,0    0,0    2,7    5,2   15,3  14:03    345
 26   13,2   16,2  04:52   10,0  21:59    5,1    0,0    1,3    9,1   21,4  11:22    256
 27   10,1   12,7  13:46    7,9  10:10    8,2    0,0    5,4    9,2   21,4  18:18    261
 28   12,4   24,3  07:13    8,1  00:00    5,9    0,0    2,0    7,3   17,5  08:12    270
 29   14,1   19,8  14:30    9,8  23:58    4,2    0,0    0,0    2,8    8,3  13:12    224
 30   11,6   16,7  13:46    8,0  04:20    6,7    0,0   13,4    1,0    7,5  16:58    252
 31   12,8   16,3  07:57    9,3  23:08    5,5    0,0    9,4    1,0    6,1  12:06      2
---------------------------------------------------------------------------------------
      13,0   46,2     12    3,5     08  167,8    2,8   53,6    2,9   21,4     26    281
    
