                   MONTHLY CLIMATOLOGICAL SUMMARY for okt 2022


NAME: Midtsjlland, Danmark                  
ELEV: 94 meters    LAT: 55-34.51 N    LONG: 011-49.59 E


                   TEMPERATURE (C), RAIN (mm), WIND SPEED (m/s)

                                         HEAT   COOL         AVG
      MEAN                               DEG    DEG          WIND                   DOM
DAY   TEMP   HIGH   TIME    LOW   TIME   DAYS   DAYS   RAIN  SPEED   HIGH   TIME    DIR
---------------------------------------------------------------------------------------
 01   11,5   14,6  21:26    9,3  03:46    6,8    0,0    2,0    3,0    7,5  22:08    217
 02   12,6   18,1  17:08    9,2  14:52    5,8    0,0    2,7    5,2   15,3  13:25    279
 03   12,1   16,2  15:46    9,8  20:56    6,2    0,0    0,6    4,0   16,9  13:16    311
 04   13,8   16,8  10:16    9,7  02:12    4,5    0,0    0,0    3,6   10,0  15:01    206
 05   14,0   15,1  13:31   12,8  00:01    4,3    0,0    0,0    7,8   15,3  17:19    213
 06   13,4   15,5  14:18   11,5  07:36    4,9    0,0    0,0    9,9   19,2  15:36    208
 07   12,8   14,8  13:24   11,4  03:24    5,5    0,0    0,0    7,6   14,4  11:01    187
 08   12,3   14,8  12:48    8,8  23:58    6,1    0,0    0,0    6,1   14,4  14:05    217
 09   11,5   15,6  14:43    8,7  00:35    6,8    0,0    0,0    3,0    9,2  15:00    221
 10   11,8   15,3  15:31    8,8  06:27    6,6    0,0    2,1    3,9    9,2  23:44    123
 11   11,2   13,5  14:34    9,2  07:53    7,1    0,0    0,6    4,8   15,3  13:33    253
 12   12,9   19,0  10:22   10,2  00:05    5,4    0,0    0,0    2,4    8,3  14:51    201
 13   13,0   17,9  23:55   10,4  06:00    5,3    0,0    1,4    2,4    6,1  13:41    191
 14   16,6   21,9  10:17   12,2  18:36    1,8    0,0    0,0    2,6    6,1  12:25    208
 15   24,3   40,5  08:06   14,4  21:51    0,0    6,0   10,7    3,3    8,3  14:24    215
 16   19,9   32,6  04:50    9,6  23:56    0,0    1,5    0,0    7,4   18,3  14:43    213
 17   13,3   17,0  18:48    8,4  01:44    5,1    0,0    1,3    3,4   10,0  12:46    210
 18   18,8   32,6  06:30    9,8  23:37    0,0    0,5    0,7    5,6   14,4  14:43    263
 19    8,1   12,6  15:40    1,8  23:18   10,2    0,0    0,0    1,3    7,5  00:56    317
 20    7,4   12,1  10:59    1,9  00:02   10,9    0,0    0,0    3,6   10,6  18:10     91
 21   18,2   33,9  23:58    8,1  03:28    0,2    0,0    9,4    2,4    7,5  00:03     43
 22   32,4   37,8  13:24   23,4  19:32    0,0   14,1    0,0    1,5    5,3  11:23    193
 23   25,3   33,9  11:30   11,4  18:33    0,0    7,0    0,6    2,6    7,5  23:18    229
 24   15,6   20,8  11:12   12,5  19:33    2,8    0,0    6,7    4,3   10,0  15:03    192
 25   12,7   15,0  13:31   10,7  23:13    5,7    0,0    0,0    6,0   12,2  13:06    227
 26   12,1   14,1  14:42   10,6  00:33    6,2    0,0    0,0    2,6    7,5  13:00    114
 27   13,5   16,2  13:34   12,1  01:30    4,8    0,0    2,1    3,4    6,1  02:37     86
 28   14,6   19,4  14:23   12,3  05:57    3,7    0,0    0,0    3,2    7,5  03:30    213
 29   12,4   14,9  00:39   10,2  08:27    5,9    0,0    0,0    4,9   17,5  03:41    256
 30   13,8   19,1  13:16   11,3  07:34    4,5    0,0    0,0    1,4    6,9  09:12    166
 31   14,0   17,0  11:45   10,3  17:55    4,3    0,0    0,0    0,3    2,2  00:55     60
---------------------------------------------------------------------------------------
      14,7   40,5     15    1,8     19  141,5   29,0   40,9    4,0   19,2     06    216
    
