                   MONTHLY CLIMATOLOGICAL SUMMARY for jul 2021


NAME: Midtsjlland, Danmark                  
ELEV: 94 meters    LAT: 55-34.51 N    LONG: 011-49.59 E


                   TEMPERATURE (C), RAIN (mm), WIND SPEED (m/s)

                                         HEAT   COOL         AVG
      MEAN                               DEG    DEG          WIND                   DOM
DAY   TEMP   HIGH   TIME    LOW   TIME   DAYS   DAYS   RAIN  SPEED   HIGH   TIME    DIR
---------------------------------------------------------------------------------------
 01   17,5   23,1  15:57   15,3  06:25    0,8    0,0    1,3    1,2    4,4  15:53    331
 02   18,0   22,0  12:17   15,8  00:00    0,4    0,0   13,4    0,4    3,1  05:40    294
 03   18,3   20,6  18:45   15,8  23:56    0,1    0,0    0,7    0,3    2,2  09:25    292
 04   19,9   26,7  12:37   15,1  23:45    0,0    1,6    1,3    0,3    3,6  16:05    121
 05   18,6   25,1  13:00   14,6  23:58    0,0    0,3    3,4    1,4    7,5  09:24    112
 06   17,5   24,6  13:37   11,5  04:41    0,8    0,0    2,7    2,3    7,5  11:15    131
 07   18,9   25,3  16:11   14,1  06:03    0,0    0,5    0,0    1,2    5,3  15:20    155
 08   20,0   26,7  12:41   15,4  23:22    0,0    1,7    0,0    1,7    4,4  14:33    133
 09   19,3   26,4  12:34   12,8  04:53    0,0    1,0    1,3    0,5    4,4  22:41      2
 10   16,2   21,3  18:31   13,6  23:42    2,1    0,0   15,4    1,3    4,4  08:23    278
 11   20,0   29,4  12:06   11,6  04:58    0,0    1,7    0,0    0,3    3,1  19:40     29
 12   20,1   25,8  16:24   15,1  03:29    0,0    1,8    0,0    3,0   10,6  12:14    102
 13   21,5   26,6  09:21   16,4  02:34    0,0    3,2    0,0    2,0    8,3  12:54     97
 14   23,9   31,8  12:26   16,6  01:55    0,0    5,6    0,0    0,5    5,3  13:00    102
 15   25,0   32,9  12:27   18,1  04:13    0,0    6,7    0,0    0,5    3,1  15:04    311
 16   24,4   31,8  16:10   18,4  04:50    0,0    6,1    0,0    0,7    3,6  14:35    326
 17   21,7   28,2  14:21   15,0  05:53    0,0    3,3    0,0    1,8    5,3  11:40    291
 18   17,8   22,5  13:45   14,4  23:05    0,5    0,0    0,0    3,3    9,2  14:27    278
 19   18,1   28,0  15:31   11,3  03:42    0,2    0,0    0,0    1,1    4,4  14:56    295
 20   16,2   21,2  13:26   11,2  05:11    2,1    0,0    0,0    1,9    5,3  08:12    276
 21   16,9   24,7  14:29   11,4  23:45    1,4    0,0    0,0    0,5    2,2  09:28    270
 22   17,8   26,2  13:45   10,7  02:00    0,5    0,0    0,0    0,2    2,2  09:26    187
 23   18,8   29,8  16:16   13,7  00:00    0,0    0,4    0,0    0,4    3,1  18:39    313
 24   20,2   27,3  13:48   11,9  05:06    0,0    1,8    0,0    2,2    7,5  16:00    105
 25   20,5   25,1  18:11   16,9  04:27    0,0    2,2    0,0    5,4   12,2  10:29     97
 26   22,2   28,9  11:48   18,4  03:25    0,0    3,9    0,0    2,5    7,5  07:26    103
 27   22,4   31,0  13:18   16,3  23:59    0,0    4,1    0,0    0,9    3,6  16:15    149
 28   19,8   26,1  17:08   15,2  01:45    0,0    1,4    0,7    1,4    6,1  13:46    156
 29   15,5   19,5  08:50   12,3  10:03    2,8    0,0    8,7    2,0    5,3  09:35    198
 30   16,7   21,3  13:16   13,4  23:45    1,6    0,0    4,0    2,0    5,3  14:35    225
 31   16,4   21,7  10:55   13,3  01:10    2,0    0,0    6,7    1,4    7,5  15:10    171
---------------------------------------------------------------------------------------
      19,4   32,9     15   10,7     22   15,3   47,2   59,6    1,4   12,2     25    135
    
