                     CLIMATOLOGICAL SUMMARY for year 2022


NAME: Midtsjlland, Danmark                  
ELEV: 94 meters    LAT: 55-34.51 N    LONG: 011-49.59 E


                                       TEMPERATURE (C)

                              HEAT    COOL                              MAX    MAX    MIN    MIN
          MEAN   MEAN         DEG     DEG                                >=     <=     <=     <=
 YR  MO   MAX    MIN    MEAN  DAYS    DAYS      HI  DAY     LOW  DAY     30      0      0    -20
------------------------------------------------------------------------------------------------
2022 01    6,6    1,9    4,3  437,6    2,7    22,1   02    -2,7   06      0      0     15      0
2022 02    7,4    1,2    4,1  397,7    0,0    13,3   04    -2,5   11      0      0      8      0
2022 03    9,8    0,3    4,3  434,2    0,0    18,3   22    -3,9   31      0      0     12      0
2022 04   13,9    1,7    7,2  335,1    0,0    20,4   18    -5,2   02      0      0      3      0
2022 05   20,1    7,8   13,0  167,8    2,8    46,2   12     3,5   08      2      0      0      0
2022 06   23,6   11,8   16,7   75,3   26,8    34,7   28     7,4   02      6      0      0      0
2022 07   25,1   12,8   17,9   50,3   35,4    38,6   24     9,2   10      6      0      0      0
2022 08   28,8   15,5   21,2   17,2  107,6    48,8   27     8,8   31     11      0      0      0
2022 09   22,2   10,4   15,3   69,9    3,3    32,8   09     0,0   03      2      0      1      0
2022 10
2022 11
2022 12
------------------------------------------------------------------------------------------------
          17,5    7,0   11,5 1985,2  178,6    48,8  aug    -5,2  apr     27      0     39      0


                  PRECIPITATION (mm)

                  MAX         ---DAYS OF RAIN---
                  OBS.               OVER
 YR  MO  TOTAL    DAY  DATE   0.30   3.00  30.00
------------------------------------------------
2022 01   46,9   13,4    02     19      5      0
2022 02   83,7   15,4    16     21     10      0
2022 03    4,0    2,7    31      3      0      0
2022 04   30,8   12,7    07      9      3      0
2022 05   53,6   13,4    30     12      6      0
2022 06   40,2   18,1    27      7      5      0
2022 07   29,5    7,4    01     11      4      0
2022 08   27,4   13,4    27     12      1      0
2022 09   44,2   11,4    08     11      5      0
2022 10
2022 11
2022 12
------------------------------------------------
         360,3   18,1   jun    105     39      0


           WIND SPEED (m/s)

                                DOM
 YR  MO    AVG     HI   DATE    DIR
-----------------------------------
2022 01    4,1   33,1     30    257 
2022 02    4,1   23,1     19    231 
2022 03    2,7   13,9     11    112 
2022 04    2,7   20,0     04    277 
2022 05    2,9   21,4     26    281 
2022 06    3,0   14,4     18    298 
2022 07    4,5   16,9     09    254 
2022 08    2,0   16,9     06    113 
2022 09    3,3   21,4     15    100 
2022 10
2022 11
2022 12
-----------------------------------
           3,3   33,1    jan    252
