                   MONTHLY CLIMATOLOGICAL SUMMARY for feb 2021


NAME: Midtsjlland, Danmark                  
ELEV: 94 meters    LAT: 55-34.51 N    LONG: 011-49.59 E


                   TEMPERATURE (C), RAIN (mm), WIND SPEED (m/s)

                                         HEAT   COOL         AVG
      MEAN                               DEG    DEG          WIND                   DOM
DAY   TEMP   HIGH   TIME    LOW   TIME   DAYS   DAYS   RAIN  SPEED   HIGH   TIME    DIR
---------------------------------------------------------------------------------------
 01   -0,7    1,6  12:06   -4,6  23:56   19,0    0,0    0,0    2,2    6,9  13:16    126
 02   -2,9    1,9  11:27   -6,7  08:02   21,2    0,0    0,0    0,3    3,1  04:04    307
 03   -2,3   -1,2  18:17   -3,4  00:22   20,6    0,0    0,0    1,6    6,9  15:01    162
 04   -4,2   -1,5  14:52   -6,4  08:29   22,5    0,0    0,0    0,7    3,6  05:33    273
 05   -5,3   -3,1  15:03   -8,7  22:46   23,6    0,0    0,0    2,1    7,5  12:57     93
 06   -6,3   -1,3  11:01   -9,0  03:39   24,6    0,0    0,0    1,1    6,1  12:31    196
 07   -5,1   -3,5  12:29   -7,6  00:00   23,4    0,0    0,0    2,2    8,3  10:12    179
 08   -4,3   -2,7  13:28   -5,4  07:39   22,7    0,0    0,0    2,7   13,1  14:01    195
 09   -4,6   -1,5  13:23   -6,4  23:23   22,9    0,0    0,7    1,9    5,3  07:50    289
 10   -5,7   -1,2  14:24   -9,2  23:55   24,0    0,0    0,0    1,3    5,3  13:14      2
 11   -6,8   -1,2  14:02  -10,1  23:58   25,2    0,0    0,0    0,7    3,6  13:24      3
 12   -7,3   -0,3  11:10  -13,6  04:54   25,7    0,0    0,0    0,8    6,1  15:18    338
 13   -4,6    1,7  14:37   -9,9  04:13   22,9    0,0    0,0    0,9    3,6  22:31    298
 14   -3,7    3,8  14:07   -8,2  06:48   22,0    0,0    0,0    1,2    5,3  23:42    210
 15   -2,0    0,8  12:40   -5,1  03:29   20,4    0,0    0,0    5,2   13,1  15:29    139
 16   -0,7    0,8  23:57   -2,2  05:44   19,0    0,0    6,7    2,6   10,0  21:48    133
 17    1,5    3,1  14:06    0,8  00:05   16,8    0,0    8,0    2,6   10,0  00:22    138
 18    1,9    3,2  21:47    0,7  00:11   16,5    0,0    0,7    6,5   12,2  22:44    132
 19    3,8    7,3  12:05    2,3  20:13   14,6    0,0    2,7    2,9   10,0  00:38    188
 20    5,1   10,9  14:22    2,6  03:12   13,2    0,0    0,0    3,9    7,5  11:14    152
 21    8,0   13,8  13:13    5,0  05:48   10,3    0,0    0,0    3,1    6,9  01:05    160
 22    8,2   13,6  13:51    2,5  07:03   10,1    0,0    0,0    2,4    5,3  10:10    148
 23    7,7   10,4  12:43    4,9  06:48   10,6    0,0    0,0    1,9    4,4  08:43    179
 24   10,0   13,5  13:58    6,8  07:04    8,4    0,0    0,0    3,4    6,9  01:41    194
 25    9,1   14,0  13:00    3,6  23:48    9,2    0,0    0,0    3,3    7,5  16:54    206
 26    5,0    8,2  14:35    2,7  04:49   13,4    0,0    0,0    6,5   20,0  14:44    270
 27    4,0    8,1  11:39    0,7  07:17   14,3    0,0    0,0    2,7   10,0  13:59    273
 28    4,4    9,1  15:34    1,3  23:43   13,9    0,0    0,0    3,0   10,0  03:06    274
---------------------------------------------------------------------------------------
       0,1   14,0     25  -13,6     12  511,1    0,0   18,8    2,5   20,0     26    177
    
