                     CLIMATOLOGICAL SUMMARY for year 2021


NAME: Midtsjlland, Danmark                  
ELEV: 94 meters    LAT: 55-34.51 N    LONG: 011-49.59 E


                                       TEMPERATURE (C)

                              HEAT    COOL                              MAX    MAX    MIN    MIN
          MEAN   MEAN         DEG     DEG                                >=     <=     <=     <=
 YR  MO   MAX    MIN    MEAN  DAYS    DAYS      HI  DAY     LOW  DAY     30      0      0    -20
------------------------------------------------------------------------------------------------
2021 01    2,4   -1,9    0,2  379,9    0,0     7,8   21    -7,4   15      0      3     14      0
2021 02    3,9   -2,9    0,1  511,1    0,0    14,0   25   -13,6   12      0     10     16      0
2021 03    8,6   -0,2    3,8  449,2    0,0    20,0   31    -6,0   08      0      0     16      0
2021 04   11,7    0,8    5,6  380,8    0,0    20,7   19    -2,1   25      0      0     10      0
2021 05   16,2    6,7   10,7  237,8    0,0    28,0   30     2,6   07      0      0      0      0
2021 06   25,1   12,1   18,0   40,0   29,5    37,7   18     7,7   02      5      0      0      0
2021 07   25,9   14,4   19,4   15,3   47,2    32,9   15    10,7   22      4      0      0      0
2021 08   22,8   10,7   16,1   72,0    3,8    30,2   24     0,0   14      1      0      2      0
2021 09   20,6   10,5   14,8  109,5    4,1    31,2   10     4,9   20      1      0      0      0
2021 10   13,9    7,6   10,2  250,6    0,0    19,5   07     3,1   13      0      0      0      0
2021 11    8,4    4,3    6,5  356,1    0,0    12,5   03    -3,2   30      0      0      4      0
2021 12    5,1   -0,1    2,4  493,2    0,0    17,2   31    -9,4   24      0      1     18      0
------------------------------------------------------------------------------------------------
          14,1    5,4    9,3 3295,4   84,7    37,7  jun   -13,6  feb     11     14     80      0


                  PRECIPITATION (mm)

                  MAX         ---DAYS OF RAIN---
                  OBS.               OVER
 YR  MO  TOTAL    DAY  DATE   0.30   3.00  30.00
------------------------------------------------
2021 01   32,1    9,4    20     10      4      0
2021 02   18,8    8,0    17      5      2      0
2021 03   31,5   10,1    11     10      3      0
2021 04   24,8    6,7    11     12      2      0
2021 05   86,4   14,8    05     18     10      0
2021 06   15,4   10,1    30      4      1      0
2021 07   59,6   15,4    10     12      6      0
2021 08   48,9    8,1    27     15      6      0
2021 09   38,2    8,0    28     10      5      0
2021 10   77,0   15,4    20     19      8      0
2021 11   42,2   10,0    27     18      5      0
2021 12   54,9   18,1    01     10      4      0
------------------------------------------------
         529,8   18,1   dec    143     56      0


           WIND SPEED (m/s)

                                DOM
 YR  MO    AVG     HI   DATE    DIR
-----------------------------------
2021 01    2,5   15,3     12    203 
2021 02    2,5   20,0     26    177 
2021 03    2,8   15,3     06    242 
2021 04    3,0   19,2     05    279 
2021 05    2,2   14,4     05    182 
2021 06    1,6   11,4     02    123 
2021 07    1,4   12,2     25    135 
2021 08    1,3   12,2     17    258 
2021 09    1,4   16,9     23    163 
2021 10    2,3   13,1     22    186 
2021 11    2,3   14,4     30    247 
2021 12    2,3   12,2     19    212 
-----------------------------------
           2,1   20,0    feb    220
