                   MONTHLY CLIMATOLOGICAL SUMMARY for nov 2022


NAME: Midtsjlland, Danmark                  
ELEV: 94 meters    LAT: 55-34.51 N    LONG: 011-49.59 E


                   TEMPERATURE (C), RAIN (mm), WIND SPEED (m/s)

                                         HEAT   COOL         AVG
      MEAN                               DEG    DEG          WIND                   DOM
DAY   TEMP   HIGH   TIME    LOW   TIME   DAYS   DAYS   RAIN  SPEED   HIGH   TIME    DIR
---------------------------------------------------------------------------------------
 01   14,7   21,7  13:36   10,9  23:59    3,7    0,0    0,0    2,0    4,2  08:35    136
 02   10,0   12,0  09:54    7,9  21:00    8,3    0,0    0,6    2,0    4,7  11:48    175
 03    9,2   11,9  13:15    7,6  03:33    9,1    0,0    0,0    1,6    2,8  06:11    100
 04    9,4   11,5  14:47    6,4  23:41    8,9    0,0    0,0    1,7    3,1  13:31    187
 05    8,4   11,8  13:36    5,9  05:23   10,0    0,0    0,0    1,4    3,3  11:15    226
 06   10,5   14,2  16:29    7,7  04:26    7,8    0,0    1,4    2,2    3,9  10:00    188
 07   10,1   11,8  12:26    7,8  04:41    8,2    0,0    0,6    6,8   13,9  10:52    201
 08   11,9   13,4  04:33   10,7  23:13    6,4    0,0    0,0    5,4   10,0  10:49    185
 09   11,5   17,5  23:11    9,3  21:35    6,8    0,0    0,7    5,0   11,4  10:44    195
 10   13,1   16,9  07:40   10,0  10:21    5,2    0,0    0,0    6,3   10,0  12:59    225
 11   13,4   17,1  06:39   12,0  00:00    4,9    0,0    0,0    8,1   13,1  13:22    203
 12   12,5   12,5  00:00   12,4  00:09    5,9    0,0    0,0    7,2    9,2  00:38    225
 13
 14
 15
 16
 17
 18
 19    0,3    0,9  20:06    0,0  21:39   18,1    0,0    0,0    0,2    0,6  19:37     90
 20   -0,9    3,2  13:51   -3,6  18:36   19,2    0,0    0,0    0,5    3,1  14:04    254
 21   -3,6   -3,6  00:00   -3,6  00:00   21,9    0,0    0,0    0,0    0,0  00:00    N/A
 22   -0,5    4,0  18:49   -3,6  00:01   18,8    0,0    0,6    2,9   10,0  13:52     99
 23    6,4    9,1  09:30    2,2  00:00   11,9    0,0    0,0    4,6   10,0  09:39     78
 24   12,6   22,3  22:18    7,9  09:20    5,8    0,0    1,4    2,4    7,5  01:47     84
 25   16,0   18,2  19:00   14,3  00:43    2,3    0,0    2,0    3,3    9,2  09:33    100
 26   22,1   28,7  21:10   16,6  00:00    0,0    3,8    0,6    1,0    5,3  14:45    180
 27   33,8   47,3  21:11    6,1  23:59    0,0   15,4    0,0    3,2    6,9  16:56    147
 28    5,9    6,6  06:55    5,4  15:35   12,4    0,0    0,0    6,8   12,2  15:44    163
 29    5,4    5,4  00:00    5,4  00:10   12,9    0,0    0,0    6,9    6,9  00:05    158
 30    5,4    5,4  00:00    5,4  00:10   12,9    0,0    0,0    6,9    6,9  00:05    158
---------------------------------------------------------------------------------------
      10,2   47,3     27   -3,6     20  221,5   19,2    7,9    3,6   13,9     07    170
    
