                   MONTHLY CLIMATOLOGICAL SUMMARY for nov 2020


NAME: Midtsjlland, Danmark                  
ELEV: 94 meters    LAT: 55-34.51 N    LONG: 011-49.59 E


                   TEMPERATURE (C), RAIN (mm), WIND SPEED (m/s)

                                         HEAT   COOL         AVG
      MEAN                               DEG    DEG          WIND                   DOM
DAY   TEMP   HIGH   TIME    LOW   TIME   DAYS   DAYS   RAIN  SPEED   HIGH   TIME    DIR
---------------------------------------------------------------------------------------
 01   11,2   12,8  14:42   10,2  16:31    7,1    0,0    2,0    4,1    9,2  22:44    164
 02   14,0   15,6  11:29    9,7  23:34    4,3    0,0    6,7    5,4   10,6  17:17    190
 03    9,2   13,4  13:58    5,5  22:30    9,1    0,0    0,0    2,9    6,9  09:47    196
 04    8,2   12,2  12:19    6,2  22:45   10,2    0,0    0,0    3,3   10,0  05:18    220
 05    9,0   10,9  20:15    6,3  00:00    9,3    0,0    0,6    3,2    9,2  15:38    246
 06    9,9   11,3  14:37    6,9  23:50    8,4    0,0    0,0    3,2    9,2  02:49    275
 07    8,0   10,0  09:13    4,1  23:05   10,3    0,0    0,7    0,8    4,4  08:54    169
 08    7,6   14,2  12:42    3,4  08:05   10,8    0,0    0,0    0,3    3,1  22:18    116
 09    7,8    8,4  01:15    7,2  09:25   10,6    0,0    0,0    2,8    6,9  09:24    125
 10    7,0    7,9  01:04    5,6  23:08   11,3    0,0    0,0    3,1    7,5  04:59    131
 11    4,7    5,7  00:08    4,1  07:40   13,6    0,0    0,7    1,9    5,3  01:26    140
 12    6,1    7,8  22:12    4,7  06:35   12,2    0,0    2,0    2,5    8,3  14:15    130
 13    7,5   10,1  13:00    6,3  02:32   10,8    0,0    0,7    1,7    6,1  20:53    148
 14    8,7   11,6  13:05    7,1  00:21    9,7    0,0    0,6    1,4    4,4  20:25    146
 15   10,4   13,3  12:56    8,9  08:20    7,9    0,0    0,0    3,8    7,5  21:03    145
 16    9,4   11,4  00:00    7,4  07:27    9,0    0,0    1,4    4,3    9,2  10:30    183
 17    9,5   11,2  16:55    7,4  07:50    8,8    0,0    0,6    3,5    7,5  11:06    200
 18   10,4   11,7  05:30    8,3  20:18    7,9    0,0    0,7    4,9   11,4  18:26    199
 19    6,6   10,7  03:10    2,1  22:19   11,8    0,0    3,4    6,9   16,1  18:31    252
 20    3,3    7,1  12:13    1,4  20:10   15,0    0,0    0,0    2,4    9,2  00:28    258
 21    6,1    8,8  20:44    0,0  12:22   12,3    0,0    2,6    4,2    9,2  07:43    194
 22    7,3    8,9  14:45    5,4  22:05   11,0    0,0    0,6    3,7    9,2  12:27    246
 23    6,0    7,9  11:40    4,3  07:30   12,3    0,0    0,0    3,4   13,1  12:11    254
 24    6,9    7,9  18:22    5,8  06:44   11,4    0,0    0,7    3,4    5,3  10:30    209
 25    5,7    8,0  12:38    4,2  18:46   12,6    0,0    0,0    3,2    6,1  10:52    179
 26    6,4    9,0  12:11    3,6  23:58   11,9    0,0    0,0    2,6    9,2  13:20    247
 27    2,8   10,0  11:11   -3,4  23:30   15,6    0,0    0,0    0,5    3,1  00:52    273
 28   -0,5    1,1  13:50   -4,3  02:58   18,8    0,0    0,7    0,2    4,4  11:46     90
 29    0,0    1,5  11:55   -0,9  18:40   18,3    0,0    0,0    0,2    3,1  04:03    356
 30    0,8    2,3  16:40   -0,5  00:00   17,5    0,0    0,6    1,7    5,3  22:16    163
---------------------------------------------------------------------------------------
       7,0   15,6     02   -4,3     28  340,0    0,0   25,3    2,9   16,1     19    198
    
