                   MONTHLY CLIMATOLOGICAL SUMMARY for sep 2020


NAME: Midtsjlland, Danmark                  
ELEV: 94 meters    LAT: 55-34.51 N    LONG: 011-49.59 E


                   TEMPERATURE (C), RAIN (mm), WIND SPEED (m/s)

                                         HEAT   COOL         AVG
      MEAN                               DEG    DEG          WIND                   DOM
DAY   TEMP   HIGH   TIME    LOW   TIME   DAYS   DAYS   RAIN  SPEED   HIGH   TIME    DIR
---------------------------------------------------------------------------------------
 01   14,3   23,4  17:10    5,8  06:27    4,1    0,0    0,0    0,2    6,1  13:40      6
 02   15,5   24,7  14:12    8,5  06:10    2,8    0,0    0,0    0,2    5,3  16:45     18
 03   15,4   22,7  12:10   10,3  04:49    2,9    0,0    1,3    1,0    6,1  23:14     53
 04   16,0   22,1  13:47   12,4  23:09    2,4    0,0    1,3    0,4    4,4  13:19    267
 05   14,5   20,6  14:44   10,4  21:32    3,8    0,0    0,0    0,6    6,1  13:21    276
 06   12,9   19,5  14:56    8,4  06:37    5,5    0,0    0,0    0,6    6,1  11:06    269
 07   13,4   21,0  15:16    8,5  05:11    4,9    0,0    0,0    0,7    6,9  11:45    297
 08   15,9   20,6  14:22   12,3  00:09    2,5    0,0    1,4    2,1   10,6  15:21    278
 09   15,0   17,6  14:55   11,2  23:46    3,3    0,0    2,0    2,2    8,3  15:39    275
 10   13,0   18,2  17:04    8,7  23:27    5,3    0,0    0,0    2,5   10,0  10:18    275
 11   12,8   18,9  15:20    8,7  00:01    5,6    0,0    0,0    0,7    5,3  12:19    329
 12   13,9   19,0  14:43   11,0  01:14    4,5    0,0    1,3    1,3    9,2  15:54    282
 13   14,5   18,2  16:25   10,9  05:28    3,8    0,0    0,0    1,2    6,1  12:01    265
 14   18,6   25,5  14:48   13,6  06:58    0,0    0,2    0,0    0,3    4,4  14:14    251
 15   19,1   29,1  14:55   12,7  03:17    0,0    0,8    0,0    0,4    5,3  12:04     91
 16   15,4   22,5  12:17    0,0  22:35    3,0    0,0    0,0    1,4    8,3  16:35    299
 17    3,7   19,9  15:34    0,0  00:00   14,7    0,0   12,0    0,2    4,4  16:37    335
 18   11,5   20,9  15:18    3,9  02:12    6,9    0,0    0,0    0,8    5,3  13:57    270
 19   14,3   27,3  15:02    7,6  06:33    4,0    0,0    0,0    0,4    2,2  02:29    299
 20   14,0   24,1  15:38    8,3  05:50    4,4    0,0    0,0    0,3    3,1  12:07     81
 21   14,4   25,1  15:10   10,1  06:49    4,0    0,0    0,0    0,4    4,4  12:11    132
 22   16,6   27,4  13:11    9,8  05:43    1,7    0,0    0,0    0,4    3,1  15:00    136
 23   16,7   23,9  15:03   10,8  03:27    1,7    0,0    0,0    1,2    5,3  12:23    111
 24   14,9   19,8  14:16   10,2  23:04    3,4    0,0    1,4    2,4    6,9  08:48    112
 25   12,2   13,7  09:00   10,5  00:00    6,2    0,0   32,8    1,4    6,9  08:28     82
 26   12,6   15,5  23:33    9,2  07:35    5,8    0,0    0,7    0,9    6,1  18:36    339
 27   17,3   23,7  14:00   14,1  23:12    1,0    0,0    0,0    1,3    7,5  16:58    119
 28   13,5   16,8  11:11    9,9  21:46    4,9    0,0    0,0    1,3    5,3  13:39    100
 29   13,9   20,2  12:14    9,9  07:20    4,4    0,0    0,0    1,0    4,4  13:54     93
 30   13,9   19,3  11:31   11,5  00:00    4,4    0,0    0,0    2,2    5,3  10:18    110
---------------------------------------------------------------------------------------
      14,3   29,1     15    0,0     16  121,7    1,0   54,2    1,0   10,6     08    289
    
