                   MONTHLY CLIMATOLOGICAL SUMMARY for jul 2022


NAME: Midtsjlland, Danmark                  
ELEV: 94 meters    LAT: 55-34.51 N    LONG: 011-49.59 E


                   TEMPERATURE (C), RAIN (mm), WIND SPEED (m/s)

                                         HEAT   COOL         AVG
      MEAN                               DEG    DEG          WIND                   DOM
DAY   TEMP   HIGH   TIME    LOW   TIME   DAYS   DAYS   RAIN  SPEED   HIGH   TIME    DIR
---------------------------------------------------------------------------------------
 01   17,9   24,4  10:55   15,0  19:26    0,4    0,0    7,4    2,8    6,9  17:45    280
 02   17,3   22,0  16:34   13,0  05:14    1,1    0,0    0,6    4,3    9,2  08:54    176
 03   19,8   27,1  18:19   14,4  23:58    0,0    1,4    1,4    2,5    7,5  10:59    115
 04   16,4   20,7  13:19   12,8  02:02    1,9    0,0    1,3    4,2    9,2  12:54    215
 05   14,7   19,2  13:51   11,2  02:38    3,6    0,0    0,0    4,8   12,2  15:21    225
 06   14,2   19,1  15:48   10,0  04:59    4,1    0,0    0,0    5,0   11,4  08:23    246
 07   16,4   21,0  18:15   12,9  23:47    1,9    0,0    3,4    3,7   10,0  10:34    245
 08   15,2   21,0  17:22   11,8  02:39    3,1    0,0    0,0    4,9   12,2  18:41    275
 09   14,4   17,6  10:57   12,1  22:34    3,9    0,0    0,0    8,7   16,9  08:45    273
 10   15,0   21,8  17:31    9,2  03:30    3,4    0,0    0,0    4,2    8,3  00:31    287
 11   18,0   27,3  14:34   10,7  02:36    0,3    0,0    0,0    1,5    6,9  11:01    305
 12   19,4   27,6  15:33   12,8  03:39    0,0    1,1    0,0    3,5   10,6  15:40    275
 13   19,5   25,7  15:13   12,5  23:56    0,0    1,1    0,0    5,2   15,3  16:24    255
 14   14,1   18,5  13:57   10,7  03:43    4,2    0,0    0,6    6,8   13,1  14:36    265
 15   14,1   19,0  14:23   10,8  05:06    4,2    0,0    0,0    8,5   16,1  07:45    267
 16   15,1   21,5  17:33   10,9  06:43    3,2    0,0    0,0    5,9   13,9  10:35    276
 17   15,7   21,7  16:50   10,3  02:21    2,7    0,0    0,0    6,2   14,4  12:27    263
 18   18,7   24,0  16:16   14,9  02:41    0,0    0,4    0,0    4,6   10,0  12:16    204
 19   23,4   34,8  18:06   14,7  04:40    0,0    5,1    0,0    1,7    7,5  13:56    186
 20   25,0   32,7  15:28   18,6  04:49    0,0    6,7    0,0    3,7    7,5  10:18     74
 21   24,0   35,9  13:18   17,6  06:19    0,0    5,6    0,0    2,9   10,6  14:21    214
 22   16,4   20,0  15:41   14,2  22:44    1,9    0,0    1,4    5,8   10,6  16:30    223
 23   20,9   38,5  23:57   14,2  00:00    0,0    2,6    5,3    4,8    8,3  18:31    228
 24   20,9   38,6  00:40   11,0  05:23    0,0    2,6    0,7    3,2    7,5  14:06    187
 25   24,7   37,0  18:07   17,0  02:07    0,0    6,3    6,7    3,1    9,2  13:05    180
 26   16,0   21,8  00:00   11,9  23:30    2,3    0,0    0,0    8,0   15,3  15:00    254
 27   13,6   16,8  18:36   11,1  23:21    4,7    0,0    0,0    8,2   12,2  13:28    269
 28   15,5   25,5  15:11    9,8  02:40    2,8    0,0    0,0    1,7    6,9  03:55     76
 29   17,9   24,6  10:51   10,4  00:18    0,4    0,0    0,0    2,6    9,2  16:31     38
 30   19,0   25,4  13:49   14,6  00:58    0,0    0,7    0,0    3,6    8,3  10:34      3
 31   20,2   26,7  14:09   17,0  00:00    0,0    1,8    0,7    2,5    6,1  15:11     63
---------------------------------------------------------------------------------------
      17,9   38,6     24    9,2     10   50,3   35,4   29,5    4,5   16,9     09    254
    
