                   MONTHLY CLIMATOLOGICAL SUMMARY for dec 2021


NAME: Midtsjlland, Danmark                  
ELEV: 94 meters    LAT: 55-34.51 N    LONG: 011-49.59 E


                   TEMPERATURE (C), RAIN (mm), WIND SPEED (m/s)

                                         HEAT   COOL         AVG
      MEAN                               DEG    DEG          WIND                   DOM
DAY   TEMP   HIGH   TIME    LOW   TIME   DAYS   DAYS   RAIN  SPEED   HIGH   TIME    DIR
---------------------------------------------------------------------------------------
 01    3,2    7,9  15:52   -3,0  00:07   15,1    0,0   18,1    3,2    8,3  15:55    117
 02    1,7    5,5  05:05   -2,8  20:03   16,6    0,0    0,0    3,2   11,4  03:45    347
 03    1,9    5,5  23:55    0,2  01:15   16,4    0,0    6,0    2,2    6,1  20:01    245
 04    6,4    7,9  20:15    5,1  03:00   11,9    0,0    1,3    1,4    6,9  20:21    306
 05    0,7    7,4  00:00   -2,9  23:44   17,6    0,0    0,0    2,7    6,1  01:41     73
 06   -1,5    1,3  12:00   -4,1  05:53   19,8    0,0    0,0    2,9    7,5  13:16    109
 07    0,3    1,1  12:16   -0,4  07:45   18,1    0,0    0,7    3,6    8,3  20:25    127
 08    0,3    0,9  05:30    0,0  03:10   18,1    0,0    0,0    6,2   11,4  06:33    114
 09    0,1    1,1  11:50   -0,8  19:35   18,3    0,0    0,0    2,0    6,9  03:15    117
 10    0,3    1,0  10:36   -0,3  23:59   18,1    0,0    0,0    0,3    3,1  05:30     99
 11    0,2    0,7  17:10   -0,8  23:56   18,1    0,0    0,0    0,1    2,2  17:19    261
 12    2,0    5,3  23:54   -1,3  01:21   16,3    0,0   12,1    1,6    4,4  10:53     90
 13    9,7   14,0  22:20    5,3  00:00    8,6    0,0    0,0    1,4    3,6  09:41    250
 14   10,5   13,8  00:10    7,2  17:48    7,8    0,0    2,0    1,7    7,5  07:05    282
 15    9,5   13,0  03:47    7,7  17:10    8,8    0,0    0,0    3,3    6,9  16:44    253
 16    6,3    8,3  13:11    2,7  22:55   12,1    0,0    0,0    5,7   10,6  11:26    272
 17    4,6    6,5  22:17    2,5  03:17   13,7    0,0    0,0    2,9    6,1  09:25    286
 18    6,1    7,6  10:28    4,3  20:37   12,3    0,0    0,7    4,9   10,6  23:11    269
 19    4,5    6,7  12:25    1,8  22:32   13,9    0,0    0,0    4,6   12,2  00:15    301
 20    0,6    4,3  10:25   -3,3  23:15   17,7    0,0    0,0    0,7    3,6  00:11    322
 21   -1,3    1,2  10:44   -4,6  05:38   19,7    0,0    0,0    0,1    2,2  23:48     85
 22    1,3    1,9  12:52    0,3  00:01   17,1    0,0    0,0    0,9    2,2  01:09    206
 23   -0,3    1,2  00:04   -1,0  22:20   18,7    0,0    0,0    0,9    4,4  01:01    170
 24   -3,9    0,4  09:39   -9,4  21:33   22,2    0,0    0,0    0,0    0,0  00:00    N/A
 25   -4,3    1,7  11:05   -8,8  00:00   22,6    0,0    0,0    0,1    1,4  12:18    258
 26   -3,1   -0,9  11:30   -4,5  22:46   21,5    0,0    0,0    0,0    0,0  00:00    N/A
 27   -2,1    0,2  19:14   -5,7  05:13   20,4    0,0    0,0    3,3   10,0  18:04    126
 28   -0,4    0,8  22:32   -1,0  00:00   18,7    0,0    0,0    5,0   10,0  11:11    127
 29    1,1    2,4  23:45    0,6  00:30   17,2    0,0    2,0    0,8    4,4  23:35    151
 30    6,9   11,5  22:55    2,3  00:30   11,4    0,0    0,6    2,4    5,3  00:15    193
 31   13,9   17,2  19:40   10,7  03:22    4,4    0,0   11,4    3,2    6,9  22:05    251
---------------------------------------------------------------------------------------
       2,4   17,2     31   -9,4     24  493,2    0,0   54,9    2,3   12,2     19    212
    
