                   MONTHLY CLIMATOLOGICAL SUMMARY for mar 2022


NAME: Midtsjlland, Danmark                  
ELEV: 94 meters    LAT: 55-34.51 N    LONG: 011-49.59 E


                   TEMPERATURE (C), RAIN (mm), WIND SPEED (m/s)

                                         HEAT   COOL         AVG
      MEAN                               DEG    DEG          WIND                   DOM
DAY   TEMP   HIGH   TIME    LOW   TIME   DAYS   DAYS   RAIN  SPEED   HIGH   TIME    DIR
---------------------------------------------------------------------------------------
 01    1,5    4,8  11:31   -1,0  07:17   16,8    0,0    0,0    3,2    8,3  01:48    158
 02    2,2    6,5  15:13   -0,8  02:54   16,1    0,0    0,0    0,3    1,4  12:25    332
 03    3,1    8,6  12:07    0,7  19:55   15,2    0,0    0,0    0,3    1,4  14:16    343
 04    2,3    7,4  13:52    0,0  18:40   16,0    0,0    0,0    0,6    2,5  11:35     65
 05    1,4    8,7  14:43   -1,7  23:34   16,9    0,0    0,0    0,3    1,7  12:20     99
 06    1,0    7,2  12:01   -3,7  04:40   17,4    0,0    0,0    0,4    2,5  13:40    305
 07    2,9    9,4  14:10   -1,0  22:54   15,4    0,0    0,0    0,3    1,7  12:45    294
 08    2,1    7,9  16:18   -1,6  23:52   16,3    0,0    0,0    0,4    3,1  14:05    256
 09    2,4    8,3  15:01   -1,6  00:00   15,9    0,0    0,0    0,6    5,3  23:00    132
 10    3,5    7,3  12:57    1,1  21:57   14,8    0,0    0,0    5,5    9,2  02:50    117
 11    2,6    6,2  13:11   -0,8  06:59   15,7    0,0    0,0    7,6   13,9  15:55    117
 12    3,6    8,1  12:50    0,3  05:57   14,7    0,0    0,0    7,3   13,1  17:08    117
 13    4,5    9,8  11:46    0,9  06:33   13,9    0,0    0,0    6,4   13,9  17:40    102
 14    4,7   10,2  14:05    1,9  19:19   13,6    0,0    0,0    4,4    9,2  09:42    100
 15    4,0    6,7  10:26    1,5  03:00   14,3    0,0    0,0    0,4    3,1  11:07    316
 16    5,5    9,2  14:05    1,9  19:34   12,9    0,0    0,0    1,9    8,3  21:28    113
 17    6,0   10,3  09:59    3,0  23:41   12,4    0,0    0,6    4,9   10,6  12:15    122
 18    6,1   11,9  13:24    1,6  20:45   12,2    0,0    0,0    1,6    6,1  10:23    320
 19    6,0   12,8  15:06    1,6  01:13   12,3    0,0    0,0    1,9    7,5  10:20     38
 20    4,0    7,8  14:12    0,9  01:57   14,3    0,0    0,0    6,2   13,1  11:14     91
 21    5,4   10,8  11:56    1,4  06:12   12,9    0,0    0,0    5,3   13,9  12:15     67
 22    8,6   18,3  14:30    2,7  22:45    9,7    0,0    0,0    1,3    3,6  00:19    239
 23    7,4   17,7  12:41    0,9  04:12   11,0    0,0    0,0    0,4    3,6  14:23    346
 24    8,5   16,6  13:20    0,7  04:19    9,8    0,0    0,0    1,2    8,3  15:24    316
 25    9,0   16,4  13:57    2,0  05:31    9,3    0,0    0,0    4,0   12,2  14:36    275
 26    7,8   14,1  14:43    0,5  23:26   10,5    0,0    0,0    3,3   11,4  03:49    300
 27    7,0   13,5  14:07    0,5  00:17   11,4    0,0    0,0    2,9   10,0  15:55    271
 28    6,3   11,0  16:14    2,7  23:58   12,0    0,0    0,0    6,3   13,1  16:48    273
 29    3,6    8,2  14:39   -0,7  22:42   14,7    0,0    0,0    3,2   10,6  17:55    292
 30    0,2    2,4  11:58   -2,1  23:50   18,2    0,0    0,7    1,5    8,3  10:47     83
 31    0,7    7,0  16:10   -3,9  06:08   17,6    0,0    2,7    1,2    8,3  11:50    348
---------------------------------------------------------------------------------------
       4,3   18,3     22   -3,9     31  434,2    0,0    4,0    2,7   13,9     11    112
    
