                   MONTHLY CLIMATOLOGICAL SUMMARY for jul 2020


NAME: Midtsjlland, Danmark                  
ELEV: 94 meters    LAT: 55-34.51 N    LONG: 011-49.59 E


                   TEMPERATURE (C), RAIN (mm), WIND SPEED (m/s)

                                         HEAT   COOL         AVG
      MEAN                               DEG    DEG          WIND                   DOM
DAY   TEMP   HIGH   TIME    LOW   TIME   DAYS   DAYS   RAIN  SPEED   HIGH   TIME    DIR
---------------------------------------------------------------------------------------
 01   16,4   22,3  18:26   11,7  04:11    1,9    0,0    1,3    0,7    6,1  00:41    256
 02   16,0   22,8  17:18   11,0  23:30    2,4    0,0    4,0    0,5    4,4  11:51    273
 03   14,3   21,9  12:53   11,0  05:10    4,0    0,0    4,7    0,3    3,6  23:29    292
 04   14,3   15,5  19:39   12,5  00:56    4,0    0,0   16,8    2,4    6,9  16:54    332
 05   16,4   20,6  15:33   12,1  23:55    2,0    0,0    2,0    2,9    9,2  18:29    275
 06   13,7   19,3  15:08   10,4  03:35    4,6    0,0    0,6    2,6    8,3  15:10    265
 07   12,6   17,5  13:17    8,4  23:59    5,7    0,0    0,7    1,8    7,5  01:06    270
 08   12,4   18,3  17:36    7,6  02:08    6,0    0,0    3,4    1,1    6,9  13:29    268
 09   14,7   23,1  16:25    7,5  04:14    3,6    0,0    0,0    0,0    2,2  00:23    282
 10   11,6   18,1  18:06    6,6  04:42    6,7    0,0    2,0    0,1    3,6  19:27    279
 11   13,7   20,2  17:18    8,6  05:12    4,6    0,0    0,0    2,1    7,5  08:08    269
 12   13,2   18,3  13:48    8,1  03:15    5,1    0,0    0,0    1,2    7,5  14:42    272
 13   14,9   23,1  16:02    9,1  05:01    3,5    0,0    0,0    0,6    4,4  12:11    268
 14   16,3   25,3  14:00   10,4  02:38    2,0    0,0    0,6    0,4    3,6  05:37    105
 15   16,2   24,9  14:16   11,7  23:57    2,2    0,0    4,1    0,0    2,2  10:48    297
 16   15,4   22,3  16:20   10,2  03:51    2,9    0,0    0,0    0,5    4,4  08:46    315
 17   19,2   28,6  15:06   11,2  02:21    0,0    0,8    0,0    0,1    3,1  12:18    318
 18   20,2   29,0  16:54   11,5  05:09    0,0    1,8    0,0    0,4    3,6  12:08    102
 19   21,9   30,8  13:53   16,1  00:01    0,0    3,6    0,0    0,9    5,3  14:30    114
 20   16,5   22,4  14:27   10,8  23:37    1,8    0,0    0,0    1,2    6,9  12:49    289
 21   14,6   22,2  14:50    9,1  03:57    3,7    0,0    0,0    1,7    6,9  14:54    275
 22   14,4   21,2  13:51    7,9  04:46    3,9    0,0    0,0    1,6    6,9  10:14    278
 23   15,7   24,1  13:20    8,5  04:36    2,6    0,0    2,6    0,5    4,4  11:55    275
 24   15,4   20,3  14:39   12,5  00:20    2,9    0,0    6,1    1,7    8,3  19:39    276
 25   17,7   24,7  16:59    9,9  03:19    0,7    0,0    0,0    0,5    5,3  15:29     90
 26   17,5   23,5  17:30   13,0  23:54    0,8    0,0    4,0    1,2    6,1  06:59    110
 27   17,6   24,4  13:58   11,4  05:09    0,8    0,0    1,3    1,0    6,1  21:05    104
 28   18,0   24,4  16:04   12,2  23:48    0,3    0,0    0,7    2,2    7,5  05:20    145
 29   14,0   19,1  13:45   10,6  03:10    4,3    0,0    0,7    1,5    7,5  20:01    264
 30   14,4   19,5  17:20   10,7  23:46    3,9    0,0    0,0    2,5    9,2  18:14    268
 31   17,0   26,8  16:00   10,0  01:47    1,3    0,0    0,0    0,7    4,4  06:25    283
---------------------------------------------------------------------------------------
      15,7   30,8     19    6,6     10   88,4    6,3   55,6    1,1    9,2     05    271
    
