                   MONTHLY CLIMATOLOGICAL SUMMARY for apr 2022


NAME: Midtsjlland, Danmark                  
ELEV: 94 meters    LAT: 55-34.51 N    LONG: 011-49.59 E


                   TEMPERATURE (C), RAIN (mm), WIND SPEED (m/s)

                                         HEAT   COOL         AVG
      MEAN                               DEG    DEG          WIND                   DOM
DAY   TEMP   HIGH   TIME    LOW   TIME   DAYS   DAYS   RAIN  SPEED   HIGH   TIME    DIR
---------------------------------------------------------------------------------------
 01    1,3    7,1  15:19   -3,5  05:46   17,1    0,0    0,0    1,4    6,9  11:20    329
 02    0,7    7,8  13:13   -5,2  06:39   17,6    0,0    0,0    1,2    7,5  12:30    336
 03    2,4    9,1  15:50   -3,6  00:10   15,9    0,0    1,3    3,1   10,6  14:13    267
 04    4,3    8,9  16:24    2,6  09:15   14,0    0,0    8,7    7,4   20,0  19:35    260
 05    3,4    8,2  15:15    0,5  06:31   14,9    0,0    0,7    6,3   16,1  01:46    270
 06    4,9   10,1  12:10    0,6  01:57   13,4    0,0    4,7    2,8    8,3  09:24    212
 07    6,4    9,0  09:00    3,7  18:16   11,9    0,0   12,7    3,6   13,9  23:59    291
 08    3,0    6,2  18:26    0,5  11:17   15,3    0,0    0,7    7,3   17,5  11:04    267
 09    4,1    8,1  16:05    0,7  00:14   14,3    0,0    0,0    7,5   18,3  15:28    269
 10    4,1    7,8  13:41    1,9  06:37   14,2    0,0    0,0    9,2   18,3  12:44    272
 11    4,5    9,8  17:03    0,4  03:10   13,9    0,0    0,0    3,3   10,0  10:00    268
 12    5,6   11,5  13:48    0,2  01:25   12,8    0,0    0,0    3,6    9,2  23:04     84
 13    9,4   16,0  17:34    3,8  02:30    8,9    0,0    0,0    4,2   10,0  09:50    102
 14   10,9   16,9  13:09    7,6  20:32    7,5    0,0    0,0    2,2    7,5  16:52    257
 15    8,9   14,9  10:20    2,4  21:45    9,4    0,0    0,0    1,0    4,4  01:22    306
 16    8,4   15,1  15:37    2,8  23:10   10,0    0,0    0,7    0,7    4,4  13:25     21
 17    8,7   19,1  14:57    1,9  00:24    9,7    0,0    0,0    0,9    5,3  10:43    294
 18    9,7   20,4  11:08    0,4  05:45    8,6    0,0    0,0    0,7    4,4  14:59    284
 19    9,7   17,2  17:09    2,9  03:46    8,6    0,0    0,0    1,4    7,5  14:09    359
 20   10,1   19,3  17:03    2,7  01:46    8,2    0,0    0,0    1,0    5,3  14:58    343
 21   11,0   19,5  12:53    2,2  05:13    7,3    0,0    0,0    1,5   10,6  14:58     69
 22   10,8   19,2  14:09    4,0  05:42    7,5    0,0    0,0    2,6   10,6  18:20     43
 23   10,4   18,3  13:10    3,9  02:28    7,9    0,0    0,0    1,4    5,3  00:05     17
 24    7,7   13,9  15:58    3,7  00:00   10,6    0,0    0,6    0,7    3,1  11:41    293
 25    7,5   16,1  13:36    0,8  03:51   10,9    0,0    0,7    1,0    4,4  11:21    345
 26    8,8   17,3  13:00    0,4  02:35    9,5    0,0    0,0    1,1    4,4  11:48    320
 27    9,9   20,3  12:25    2,5  03:04    8,4    0,0    0,0    0,7    4,4  19:57     86
 28    9,7   16,0  14:16    4,3  00:00    8,7    0,0    0,0    1,4    6,9  13:30    310
 29    8,9   16,4  12:44    2,4  03:06    9,4    0,0    0,0    1,0    6,9  16:50    272
 30    9,7   18,9  16:08    4,1  22:58    8,7    0,0    0,0    1,0    6,1  09:42    279
---------------------------------------------------------------------------------------
       7,2   20,4     18   -5,2     02  335,1    0,0   30,8    2,7   20,0     04    277
    
