                   MONTHLY CLIMATOLOGICAL SUMMARY for dec 2020


NAME: Midtsjlland, Danmark                  
ELEV: 94 meters    LAT: 55-34.51 N    LONG: 011-49.59 E


                   TEMPERATURE (C), RAIN (mm), WIND SPEED (m/s)

                                         HEAT   COOL         AVG
      MEAN                               DEG    DEG          WIND                   DOM
DAY   TEMP   HIGH   TIME    LOW   TIME   DAYS   DAYS   RAIN  SPEED   HIGH   TIME    DIR
---------------------------------------------------------------------------------------
 01    2,8    4,2  12:09    0,9  00:00   15,6    0,0    0,7    1,2    6,1  00:12    129
 02    2,5    3,7  10:22    0,8  23:44   15,9    0,0    0,0    1,3    6,1  22:20    148
 03    0,1    1,0  00:00   -0,7  09:30   18,3    0,0    0,7    4,7    9,2  10:10    148
 04    1,8    3,2  18:33    0,4  08:46   16,5    0,0    0,0    4,8   10,0  13:16    121
 05    4,2    6,0  11:45    2,6  17:33   14,1    0,0    0,0    3,7    8,3  07:11    112
 06    5,3    7,8  20:01    1,4  01:12   13,0    0,0    0,0    3,3   10,0  15:26     93
 07    6,1    7,4  00:15    5,2  16:04   12,3    0,0    0,0    5,9   12,2  06:50    105
 08    4,4    5,4  00:00    3,1  04:42   13,9    0,0    0,0    1,9    5,3  20:40    117
 09    3,4    4,6  10:59    2,5  05:26   15,0    0,0    2,7    3,0    7,5  01:34    111
 10    2,0    2,7  00:00    0,7  22:14   16,4    0,0    0,6    2,8    8,3  10:10    112
 11    1,2    2,4  20:50    0,3  01:05   17,2    0,0    0,7    4,2   11,4  20:25    122
 12    3,1    3,7  08:34    2,2  00:00   15,3    0,0    0,0    3,1    8,3  05:02    119
 13    3,4    5,5  13:33    1,3  23:22   15,0    0,0    0,0    0,3    3,6  23:52    132
 14    4,1    6,2  22:33    1,3  00:00   14,2    0,0    1,3    4,3    9,2  14:21    139
 15    6,3    6,9  04:03    5,8  08:59   12,0    0,0    7,4    2,7    6,1  04:50    157
 16    6,0    7,1  02:52    4,2  16:55   12,4    0,0    0,7    2,0    6,9  22:05    167
 17    5,9    6,8  23:17    5,0  02:00   12,4    0,0    4,0    3,5    8,3  03:15    161
 18    6,0    6,8  00:00    4,4  23:48   12,3    0,0    0,0    3,7    8,3  18:40    177
 19    4,0    5,8  12:00    2,8  08:09   14,4    0,0    0,0    4,2    7,5  06:51    154
 20    5,7    6,7  12:25    4,3  08:03   12,7    0,0    0,0    3,2    5,3  00:25    155
 21    5,5    6,1  11:27    4,2  22:17   12,8    0,0    0,0    3,1    9,2  23:40    164
 22    5,3    8,0  12:40    2,8  23:16   13,0    0,0    4,7    4,8   16,9  15:55    215
 23    3,0    5,3  11:49    1,5  21:30   15,4    0,0    0,0    0,4    3,1  00:58    195
 24    2,4    4,3  12:02    0,7  20:39   16,0    0,0    0,0    1,5    6,1  17:32    348
 25    0,8    3,6  14:13   -1,8  23:54   17,6    0,0    0,0    1,9    5,3  21:28    303
 26    1,4    3,0  20:28   -1,8  00:00   17,0    0,0    3,3    3,2   10,0  21:11    185
 27    1,6    3,0  03:16    0,1  21:55   16,7    0,0    4,7    8,0   15,3  15:11    162
 28    1,3    2,7  13:09    0,2  00:05   17,0    0,0    0,7    4,8    9,2  04:29    140
 29
 30
 31
---------------------------------------------------------------------------------------
       3,6    8,0     22   -1,8     25  414,0    0,0   32,2    3,2   16,9     22    142
    
