                   MONTHLY CLIMATOLOGICAL SUMMARY for jun 2020


NAME: Midtsjlland, Danmark                  
ELEV: 94 meters    LAT: 55-34.51 N    LONG: 011-49.59 E


                   TEMPERATURE (C), RAIN (mm), WIND SPEED (m/s)

                                         HEAT   COOL         AVG
      MEAN                               DEG    DEG          WIND                   DOM
DAY   TEMP   HIGH   TIME    LOW   TIME   DAYS   DAYS   RAIN  SPEED   HIGH   TIME    DIR
---------------------------------------------------------------------------------------
 01   17,3   27,4  14:12    6,6  04:49    1,0    0,0    0,0    0,1    2,2  11:52    344
 02   19,0   27,7  14:35    9,2  03:56    0,0    0,7    0,0    0,2    3,6  10:30    326
 03   15,8   24,0  10:38   10,3  23:59    2,5    0,0    0,0    1,9    8,3  16:06    101
 04   13,0   18,0  12:50    9,2  04:19    5,4    0,0    3,4    5,7   15,3  15:25     98
 05   12,8   19,0  15:25    9,7  05:20    5,5    0,0    7,3    1,6    9,2  00:51     99
 06   10,8   15,6  16:52    7,2  06:08    7,5    0,0    9,4    1,9    8,3  11:44    261
 07   13,8   19,6  11:38    7,5  01:20    4,6    0,0    0,7    1,8    9,2  12:25     89
 08   14,8   23,8  15:57    7,8  05:13    3,5    0,0    0,0    0,2    4,4  11:25    281
 09   15,2   24,3  13:41    8,8  04:45    3,2    0,0    0,0    0,1    3,1  14:22    316
 10   15,3   23,1  13:52    7,8  02:25    3,1    0,0    0,0    0,4    4,4  12:25    345
 11   17,6   26,0  12:51   13,2  21:57    0,7    0,0    0,0    0,2    9,2  19:31     88
 12   16,4   19,1  15:05   14,4  06:39    1,9    0,0    0,0    2,8   11,4  13:07     92
 13   18,3   24,6  13:07   15,3  05:56    0,0    0,0    0,0    4,1   13,9  15:27     88
 14   18,0   23,8  13:04   11,6  05:06    0,4    0,0    0,0    2,8   13,1  12:00     88
 15   19,5   29,8  13:04   10,0  03:08    0,0    1,1    0,0    0,1    2,2  10:11    349
 16   20,0   29,2  13:48   11,3  00:55    0,0    1,6    0,0    0,4    5,3  15:05    315
 17   21,1   31,7  11:15   11,6  03:47    0,0    2,8    0,0    0,1    4,4  14:58     93
 18   20,1   29,9  17:35   13,0  01:22    0,0    1,8    0,6    0,9    7,5  10:20     93
 19   18,1   23,4  13:35   14,7  09:19    0,3    0,0    4,1    0,0    3,1  13:51    289
 20   15,8   17,2  11:41   14,7  23:13    2,5    0,0   32,8    1,3    5,3  15:48    294
 21   17,7   25,0  16:17   12,7  23:49    0,7    0,0    0,0    0,7    5,3  11:12    302
 22   16,7   22,9  14:37   11,7  00:44    1,6    0,0    1,3    1,1    6,9  13:12    281
 23   17,6   25,3  18:20    9,4  04:33    0,7    0,0    0,0    0,6    4,4  11:40    295
 24   21,5   33,7  14:08   10,2  04:22    0,0    3,2    0,0    0,1    6,1  14:58     95
 25   22,7   30,5  15:15   12,9  04:34    0,0    4,3    0,0    1,4    7,5  14:04     94
 26   22,7   28,0  12:44   16,6  04:45    0,0    4,4    0,0    2,4    8,3  15:53     98
 27   22,4   29,2  14:42   17,3  03:30    0,0    4,1    0,0    1,4    8,3  12:11     95
 28   19,1   26,5  11:03   13,4  23:58    0,0    0,8    0,7    0,2    4,4  12:05    123
 29   17,8   24,0  17:19   11,2  03:59    0,5    0,0    0,7    1,5    9,2  13:28     59
 30   14,8   19,5  13:41   11,8  04:13    3,5    0,0    9,4    2,3   11,4  13:47    265
---------------------------------------------------------------------------------------
      17,5   33,7     24    6,6     01   49,1   24,8   70,4    1,3   15,3     04     88
    
