                   MONTHLY CLIMATOLOGICAL SUMMARY for sep 2021


NAME: Midtsjlland, Danmark                  
ELEV: 94 meters    LAT: 55-34.51 N    LONG: 011-49.59 E


                   TEMPERATURE (C), RAIN (mm), WIND SPEED (m/s)

                                         HEAT   COOL         AVG
      MEAN                               DEG    DEG          WIND                   DOM
DAY   TEMP   HIGH   TIME    LOW   TIME   DAYS   DAYS   RAIN  SPEED   HIGH   TIME    DIR
---------------------------------------------------------------------------------------
 01   17,7   26,3  13:52   11,5  04:25    0,6    0,0    0,0    0,5    3,6  12:48    308
 02   18,5   28,8  12:54   11,2  06:20    0,0    0,2    0,0    0,2    3,6  16:45    257
 03   16,0   24,0  14:38   10,5  23:07    2,3    0,0    0,0    1,2    3,6  10:05    277
 04   15,0   22,3  14:20   10,1  01:50    3,4    0,0    0,0    0,9    6,9  12:50    110
 05   13,6   18,8  13:21    8,7  06:09    4,7    0,0    0,0    2,2    9,2  11:29    103
 06   15,6   21,7  13:26   11,0  02:12    2,7    0,0    0,0    1,3    6,9  11:20    105
 07   17,0   26,7  13:44   10,4  06:17    1,3    0,0    0,0    0,2    3,6  16:32    277
 08   18,9   26,2  15:03   15,2  00:39    0,0    0,6    0,0    0,6    3,1  13:32    170
 09   20,0   28,1  13:51   13,7  06:34    0,0    1,7    0,0    1,0    4,4  12:19    120
 10   20,0   31,2  15:04   14,3  04:49    0,0    1,7    0,0    1,0    5,3  01:09    111
 11   18,3   24,2  14:01   15,0  03:43    0,0    0,0    0,6    0,5    5,3  12:29    209
 12   17,0   21,8  14:52   12,8  23:40    1,3    0,0    2,7    0,8    5,3  16:19    252
 13   14,4   18,2  16:05   12,3  06:12    4,0    0,0    0,0    1,0    4,4  02:08    275
 14   14,6   18,8  12:05   10,9  23:04    3,7    0,0    0,0    0,6    3,6  11:43    129
 15   14,4   17,8  11:37   11,0  00:35    4,0    0,0    6,7    3,8   10,6  15:13    101
 16   16,5   21,4  16:12   13,8  23:15    1,8    0,0    1,4    0,5    7,5  00:43    133
 17   13,7   17,9  14:18   11,9  07:08    4,6    0,0    2,0    1,2    3,6  03:23    304
 18   13,3   18,6  15:00   10,2  23:52    5,1    0,0    0,0    0,5    5,3  14:17     90
 19   10,8   17,2  16:03    6,3  04:57    7,5    0,0    0,0    0,4    5,3  16:44     66
 20   10,1   17,5  13:06    4,9  23:50    8,3    0,0    0,0    0,3    5,3  10:23      7
 21    9,8   14,1  17:13    5,1  00:00    8,5    0,0    1,3    0,6    3,6  13:34    291
 22   14,3   21,3  15:03    9,3  06:35    4,0    0,0    0,0    0,5    5,3  12:00    249
 23   13,2   15,2  16:13   11,4  18:15    5,1    0,0    5,4    3,9   16,9  17:59    258
 24   13,2   15,5  17:15   10,3  07:26    5,2    0,0    0,0    3,6   10,0  05:26    262
 25   14,1   18,5  15:27    8,4  23:55    4,3    0,0    0,0    2,3    9,2  13:04    269
 26   13,2   19,3  14:00    7,9  02:00    5,1    0,0    0,0    2,5    8,3  15:36    104
 27   15,3   18,8  10:29   13,4  00:00    3,1    0,0    0,0    3,7    8,3  01:01    116
 28   13,9   19,7  16:44    7,6  22:46    4,4    0,0    8,0    1,1    5,3  01:37    278
 29   11,8   15,7  10:37    7,5  00:25    6,5    0,0    5,4    1,5    6,1  12:17    115
 30   10,3   12,9  09:57    8,7  19:49    8,0    0,0    4,7    2,3    7,5  04:13    172
---------------------------------------------------------------------------------------
      14,8   31,2     10    4,9     20  109,5    4,1   38,2    1,4   16,9     23    163
    
