                   MONTHLY CLIMATOLOGICAL SUMMARY for aug 2021


NAME: Midtsjlland, Danmark                  
ELEV: 94 meters    LAT: 55-34.51 N    LONG: 011-49.59 E


                   TEMPERATURE (C), RAIN (mm), WIND SPEED (m/s)

                                         HEAT   COOL         AVG
      MEAN                               DEG    DEG          WIND                   DOM
DAY   TEMP   HIGH   TIME    LOW   TIME   DAYS   DAYS   RAIN  SPEED   HIGH   TIME    DIR
---------------------------------------------------------------------------------------
 01   16,4   23,0  14:09   11,5  05:42    1,9    0,0    0,0    1,1    4,4  16:28    247
 02   16,0   23,3  17:06   11,1  02:57    2,4    0,0    1,4    1,4    8,3  12:59    276
 03   15,5   22,3  15:34   11,3  23:32    2,8    0,0    0,6    0,3    3,1  17:25    257
 04   16,7   25,6  16:20   10,0  04:23    1,6    0,0    0,0    0,5    3,1  10:58    316
 05   17,8   25,9  14:13   10,5  00:01    0,6    0,0    0,0    1,7    6,9  15:40    103
 06   17,6   23,8  14:38   12,3  02:44    0,7    0,0    0,0    4,1   10,6  17:55    100
 07   19,0   26,6  14:06   14,2  23:52    0,0    0,7    0,0    1,4    4,4  02:20    118
 08   16,7   23,3  15:16   13,1  01:20    1,7    0,0    4,7    1,2    5,3  13:06    167
 09   15,7   20,5  12:22   12,7  05:35    2,6    0,0    1,4    1,0    4,4  07:52    164
 10   16,2   21,8  12:11   12,2  04:14    2,2    0,0    1,3    1,2    5,3  12:25    160
 11   17,5   24,7  13:14   12,2  05:43    0,9    0,0    0,0    0,9    4,4  15:31    260
 12   19,5   28,6  15:35   11,7  05:09    0,0    1,1    0,0    0,8    4,4  22:22    151
 13   20,3   28,0  13:28   14,8  04:18    0,0    2,0    0,0    1,2    4,4  16:59    208
 14   16,0   20,7  15:35    0,0  13:17    2,4    0,0    1,3    1,0    5,3  19:09    226
 15   17,2   24,3  13:39   13,1  02:07    1,1    0,0    2,7    1,2    6,1  12:02    236
 16   14,5   20,1  17:17    9,4  22:52    3,9    0,0    7,3    0,6    4,4  15:05    179
 17   13,6   19,9  18:14    0,0  16:27    4,8    0,0    6,1    3,1   12,2  17:57    269
 18   14,7   18,9  09:57   13,3  18:45    3,6    0,0    1,3    3,0   10,0  02:59    260
 19   15,2   19,2  12:40   11,8  23:59    3,1    0,0    0,0    2,4    9,2  12:38    262
 20   14,9   20,5  12:55   10,2  05:22    3,4    0,0    0,0    0,8    5,3  11:39    258
 21   14,6   23,2  15:31    8,8  04:56    3,8    0,0    0,0    0,6    6,9  14:25    279
 22   15,5   23,2  12:11    8,2  05:47    2,9    0,0    0,0    1,3    7,5  14:59    100
 23   16,2   26,6  14:09    7,8  05:20    2,2    0,0    0,0    0,6    4,4  11:03    336
 24   17,1   30,2  15:04    8,7  04:53    1,2    0,0    0,0    0,3    5,3  15:26    339
 25   15,0   19,8  17:21   12,4  23:15    3,4    0,0    0,7    1,9    6,9  14:21    267
 26   12,6   15,4  08:39    9,8  02:52    5,8    0,0    3,3    1,8    6,1  09:44    347
 27   15,0   23,1  14:32   12,4  04:02    3,4    0,0    8,1    0,9    5,3  00:01    349
 28   13,7   14,7  13:54   13,2  05:48    4,7    0,0    7,3    1,3    4,4  16:58    357
 29   16,1   21,1  15:46   13,6  00:00    2,2    0,0    1,4    0,5    4,4  15:47    353
 30   17,2   23,9  12:30   12,2  23:35    1,1    0,0    0,0    0,8    4,4  12:18    330
 31   16,4   23,4  13:44    9,4  05:37    1,9    0,0    0,0    0,8    6,1  15:45    335
---------------------------------------------------------------------------------------
      16,1   30,2     24    0,0     14   72,0    3,8   48,9    1,3   12,2     17    258
    
