                   MONTHLY CLIMATOLOGICAL SUMMARY for aug 2020


NAME: Midtsjlland, Danmark                  
ELEV: 94 meters    LAT: 55-34.51 N    LONG: 011-49.59 E


                   TEMPERATURE (C), RAIN (mm), WIND SPEED (m/s)

                                         HEAT   COOL         AVG
      MEAN                               DEG    DEG          WIND                   DOM
DAY   TEMP   HIGH   TIME    LOW   TIME   DAYS   DAYS   RAIN  SPEED   HIGH   TIME    DIR
---------------------------------------------------------------------------------------
 01   19,0   25,1  14:04   12,4  00:09    0,0    0,7    0,0    1,8    8,3  15:09    107
 02   19,3   25,5  16:51   15,3  04:34    0,0    0,9    0,6    0,8    6,1  00:13    171
 03   16,8   23,3  13:05   10,5  06:04    1,6    0,0    0,0    0,5    4,4  13:42    286
 04   16,0   23,6  14:03    7,8  05:20    2,3    0,0    0,0    0,4    5,3  14:56    270
 05   17,8   25,0  19:17   10,5  01:08    0,6    0,0    0,0    1,5    8,3  15:03     74
 06   23,5   32,9  13:49   14,2  04:43    0,0    5,1    0,0    1,0    6,1  16:00    112
 07   24,2   32,4  15:27   16,7  05:39    0,0    5,9    0,0    1,3    7,5  14:20     99
 08   24,7   36,7  14:59   14,7  05:55    0,0    6,4    0,0    0,2    5,3  01:47     81
 09   23,0   32,9  13:35   13,5  05:04    0,0    4,7    0,0    0,2    3,6  16:13    343
 10   23,7   32,9  10:47   16,6  05:59    0,0    5,4    0,0    1,5    9,2  14:57     92
 11   20,8   27,8  14:20   16,3  04:54    0,0    2,4    0,0    2,8    9,2  15:35     95
 12   19,6   26,2  13:48   15,3  04:15    0,0    1,3    0,0    2,5    9,2  09:48     93
 13   20,6   29,0  15:50   14,0  23:53    0,0    2,3    0,0    1,6    9,2  11:25     92
 14   21,9   31,9  15:28   11,9  06:19    0,0    3,6    0,0    0,2    5,3  11:26     90
 15   24,4   35,9  14:56   14,0  06:25    0,0    6,0    0,0    0,1    3,6  14:05    106
 16   25,1   32,6  14:33   18,2  05:58    0,0    6,8    0,0    1,0    7,5  11:50     99
 17   23,5   30,4  13:03   17,5  05:46    0,0    5,2    0,0    2,3   10,6  12:56     62
 18   22,7   31,3  13:41   16,5  22:18    0,0    4,4    0,0    0,8    5,3  00:24     92
 19   21,1   33,5  13:15   15,0  23:55    0,0    2,8    4,1    0,0    4,4  11:27      3
 20   18,7   23,0  12:02   15,0  00:00    0,0    0,3    6,0    0,8    5,3  15:04    101
 21   19,5   25,1  17:36   16,7  02:00    0,0    1,2    2,7    1,1    6,9  08:34    113
 22   19,6   25,3  14:53   15,6  23:56    0,0    1,2    1,3    0,9    8,3  15:48    277
 23   17,0   22,7  11:13   13,7  06:12    1,4    0,0    0,7    0,9    7,5  12:18    264
 24   15,7   25,1  14:29   11,5  04:34    2,6    0,0    0,0    0,1    3,6  00:24    276
 25   15,0   22,7  14:17    8,5  05:55    3,4    0,0    0,0    0,6    6,1  09:12    260
 26   16,2   23,3  16:04   13,2  01:06    2,2    0,0   14,7    0,9    6,1  00:47    113
 27   13,5   15,3  00:23   12,0  21:12    4,8    0,0   28,8    0,4    6,9  06:32    285
 28   13,8   17,2  11:45   10,7  03:30    4,5    0,0    0,0    0,8    6,1  14:40     91
 29   14,6   21,6  15:29   10,8  03:40    3,8    0,0   12,1    0,2    5,3  08:30     99
 30   15,3   24,2  14:32   10,7  03:27    3,0    0,0    0,7    0,1    3,6  13:17    336
 31   13,9   19,5  11:53    7,5  23:47    4,4    0,0    0,0    0,6    5,3  14:27    354
---------------------------------------------------------------------------------------
      19,4   36,7     08    7,5     31   34,5   66,6   71,7    0,9   10,6     17     92
    
