                   MONTHLY CLIMATOLOGICAL SUMMARY for feb 2022


NAME: Midtsjlland, Danmark                  
ELEV: 94 meters    LAT: 55-34.51 N    LONG: 011-49.59 E


                   TEMPERATURE (C), RAIN (mm), WIND SPEED (m/s)

                                         HEAT   COOL         AVG
      MEAN                               DEG    DEG          WIND                   DOM
DAY   TEMP   HIGH   TIME    LOW   TIME   DAYS   DAYS   RAIN  SPEED   HIGH   TIME    DIR
---------------------------------------------------------------------------------------
 01    2,9    6,0  14:49   -1,1  00:01   15,5    0,0    5,4    4,8   16,9  19:06    264
 02    2,7    4,9  00:21    0,2  20:53   15,6    0,0    0,0    5,2   16,1  03:40    285
 03    6,5    8,8  18:52    2,0  00:00   11,8    0,0    4,7    2,4    8,3  11:25    202
 04   10,1   13,3  17:01    7,3  20:00    8,3    0,0    6,7    3,5   10,0  17:19    217
 05    6,6   10,6  10:18    3,2  16:57   11,7    0,0    1,3    4,2   10,6  12:43    228
 06    3,7    6,3  02:41    0,9  20:50   14,6    0,0    4,0    2,9   10,0  14:30    229
 07    2,7    4,9  13:53    0,2  02:37   15,6    0,0    1,4    7,1   18,3  11:40    273
 08    5,6    8,0  10:52    2,3  00:37   12,7    0,0    0,6    4,3   15,3  11:45    247
 09    5,6    8,3  13:59    2,6  23:40   12,7    0,0    2,1    3,2   13,9  15:02    236
 10    3,0    6,1  14:48    0,7  23:59   15,3    0,0    0,6    2,4    7,5  13:37    233
 11    1,0    4,1  13:07   -2,5  22:26   17,3    0,0    0,6    0,9    3,1  00:34    272
 12    0,9    3,6  10:35   -2,0  00:32   17,5    0,0    0,0    1,3    3,1  18:46    187
 13    2,3    3,8  00:00    0,7  05:48   16,0    0,0    0,0    1,9    7,5  23:04    180
 14    5,7    8,0  15:31    3,8  00:00   12,7    0,0    0,0    4,8   10,0  03:54    173
 15    4,9    7,2  12:48    3,4  23:21   13,4    0,0    2,7    5,1   13,9  21:59    196
 16    5,4    8,1  23:15    3,3  03:53   12,9    0,0   15,4    4,3    9,2  14:00    201
 17    6,2   11,9  07:00    2,9  20:42   12,1    0,0    4,0    7,9   22,2  01:47    267
 18    3,1    5,6  19:23    0,5  16:24   15,2    0,0   12,1    4,6   17,5  01:13    212
 19    3,2    6,0  13:13    1,5  21:14   15,2    0,0    2,0    7,6   23,1  05:50    255
 20    3,5    8,8  22:21   -0,1  06:45   14,8    0,0    8,7    3,8   12,2  23:44    189
 21    4,5    8,7  00:30    1,0  23:43   13,9    0,0    3,4    7,1   18,3  08:44    251
 22    3,1    6,0  22:07    0,0  06:08   15,2    0,0    3,3    3,5   16,1  23:48    243
 23    5,1    9,1  13:47    3,0  06:14   13,2    0,0    0,0    6,7   15,3  02:42    251
 24    5,1    6,9  11:40    0,9  21:00   13,2    0,0    2,7    5,1   10,6  20:35    193
 25    3,1    6,1  15:49    1,3  02:32   15,2    0,0    1,3    3,7    9,2  19:20    237
 26    3,9   12,7  14:54   -0,6  06:02   14,4    0,0    0,0    0,8    3,6  22:43    135
 27    2,1    6,7  15:32   -0,8  05:04   16,2    0,0    0,0    2,9    6,9  19:26    148
 28    2,9    7,6  14:35    0,0  21:31   15,4    0,0    0,7    4,0    7,5  10:40    140
---------------------------------------------------------------------------------------
       4,1   13,3     04   -2,5     11  397,7    0,0   83,7    4,1   23,1     19    231
    
