                   MONTHLY CLIMATOLOGICAL SUMMARY for jan 2022


NAME: Midtsjlland, Danmark                  
ELEV: 94 meters    LAT: 55-34.51 N    LONG: 011-49.59 E


                   TEMPERATURE (C), RAIN (mm), WIND SPEED (m/s)

                                         HEAT   COOL         AVG
      MEAN                               DEG    DEG          WIND                   DOM
DAY   TEMP   HIGH   TIME    LOW   TIME   DAYS   DAYS   RAIN  SPEED   HIGH   TIME    DIR
---------------------------------------------------------------------------------------
 01   19,0   20,6  23:44   16,7  00:57    0,0    0,7    2,0    2,8    8,3  02:14    231
 02   20,3   22,1  16:55   16,8  23:59    0,0    2,0   13,4    2,6    8,3  19:54    224
 03   11,4   17,0  00:11    7,9  15:35    6,9    0,0    1,4    3,2    6,1  14:52    222
 04    6,1    8,5  01:11    4,2  17:25   12,2    0,0    3,3    1,5    6,1  01:35    232
 05    3,2    5,7  11:20   -0,8  23:14   15,2    0,0    2,0    3,9    7,5  20:40    268
 06   -0,2    3,3  10:32   -2,7  08:28   18,6    0,0    0,0    2,0    6,1  00:30    283
 07    1,0    1,9  17:25   -0,1  00:00   17,3    0,0    1,4    3,0    6,1  10:10    176
 08    1,4    3,5  13:52    0,0  10:07   16,9    0,0    2,0    2,8    6,1  14:05    188
 09    0,7    1,7  23:35    0,0  05:37   17,6    0,0    0,0    4,5    8,3  12:48    130
 10    1,3    3,4  11:25   -0,6  23:05   17,0    0,0    0,0    3,9    7,5  01:16     95
 11    0,3    1,6  17:27   -1,8  03:48   18,1    0,0    0,0    3,2    6,1  15:08    163
 12    3,3    5,7  21:11    0,9  08:32   15,0    0,0    0,7    2,4    5,3  04:45    246
 13    6,4    7,3  13:23    5,5  19:53   12,0    0,0    0,0    7,0   13,1  22:08    262
 14    4,7    7,2  07:55   -0,8  22:53   13,6    0,0    0,6    5,5   19,2  09:23    272
 15    1,1    4,4  13:40   -1,1  02:17   17,2    0,0    0,0    0,6    3,1  12:08    232
 16    3,3    5,5  18:19    1,6  00:00   15,0    0,0    0,0    4,5   16,9  20:09    250
 17    2,7    6,4  05:31   -1,7  23:54   15,6    0,0    0,7    6,5   24,4  05:46    285
 18    2,2    4,8  12:53   -1,7  04:41   16,2    0,0    0,7    1,9    6,9  14:11    251
 19    2,7    4,6  19:44    1,6  23:01   15,6    0,0    1,3    6,0   21,4  21:48    240
 20    0,2    2,0  12:33   -1,9  18:14   18,1    0,0    0,0    7,6   19,2  00:59    298
 21    1,6    4,4  19:19   -1,4  05:44   16,7    0,0    0,7    4,0   10,6  12:34    283
 22    1,7    4,8  21:32   -1,3  06:47   16,7    0,0    0,0    0,7    3,6  14:56    208
 23    5,6    7,1  14:42    3,4  00:02   12,7    0,0    0,0    3,3    9,2  22:19    280
 24    4,5    5,7  02:32    3,6  18:02   13,9    0,0    0,6    2,8   10,0  15:42    257
 25    5,2    6,8  13:43    3,5  17:03   13,2    0,0    0,7    3,5   10,6  14:01    270
 26    4,6    5,5  02:04    3,3  08:32   13,8    0,0    0,7    4,0   10,0  06:34    250
 27    5,4    7,0  11:13    3,5  19:44   13,0    0,0    3,3    8,8   21,4  19:38    259
 28    3,2    6,1  13:50    0,8  19:32   15,1    0,0    0,0    4,1   15,3  00:32    290
 29    5,8    7,8  15:19    2,3  00:01   12,5    0,0    6,1    8,5   30,8  22:56    251
 30    4,0    6,1  11:50    0,2  23:28   14,3    0,0    5,3   11,7   33,1  01:19    280
 31    0,8    5,1  11:50   -1,9  21:53   17,5    0,0    0,0    0,3    3,1  10:07    162
---------------------------------------------------------------------------------------
       4,3   22,1     02   -2,7     06  437,6    2,7   46,9    4,1   33,1     30    257
    
