                   MONTHLY CLIMATOLOGICAL SUMMARY for maj 2021


NAME: Midtsjlland, Danmark                  
ELEV: 94 meters    LAT: 55-34.51 N    LONG: 011-49.59 E


                   TEMPERATURE (C), RAIN (mm), WIND SPEED (m/s)

                                         HEAT   COOL         AVG
      MEAN                               DEG    DEG          WIND                   DOM
DAY   TEMP   HIGH   TIME    LOW   TIME   DAYS   DAYS   RAIN  SPEED   HIGH   TIME    DIR
---------------------------------------------------------------------------------------
 01    8,3   13,4  14:30    3,8  03:50   10,0    0,0    0,0    3,0    8,3  14:49    131
 02    7,4   13,7  14:49    3,6  03:51   10,9    0,0    0,0    3,1    9,2  11:26    105
 03    6,6   11,3  16:09    4,0  21:33   11,8    0,0    2,0    2,2   10,0  15:13    260
 04    6,0    9,5  16:30    4,4  00:00   12,3    0,0    9,3    4,2   10,0  11:49    153
 05    6,3   10,8  12:50    4,8  23:06   12,0    0,0   14,8    3,1   14,4  21:04    228
 06    5,0   10,1  13:55    3,2  22:30   13,3    0,0    6,7    2,7   11,4  12:40    266
 07    5,3   10,5  17:02    2,6  05:56   13,0    0,0    2,0    2,2    9,2  12:09    274
 08    7,7   13,3  14:27    3,1  00:59   10,6    0,0    0,7    2,3    8,3  09:51    212
 09   13,8   21,5  15:55    6,1  03:22    4,6    0,0    3,3    4,9   11,4  04:32    155
 10   18,1   27,4  14:14   12,7  23:54    0,2    0,0    0,0    3,2   10,0  00:57    162
 11   11,7   15,7  13:18   10,2  07:31    6,6    0,0    6,7    2,8    9,2  13:54    348
 12   11,3   12,8  15:55   10,2  00:00    7,0    0,0   10,1    2,0    6,1  14:51    288
 13   11,1   14,4  17:14    9,5  23:58    7,2    0,0    1,3    2,2    6,1  11:20    331
 14   13,8   21,5  17:30    8,9  00:49    4,5    0,0    0,0    0,5    3,6  13:23    117
 15    9,1   12,0  14:24    5,6  23:50    9,2    0,0    0,7    0,9    3,6  03:32    196
 16   10,8   16,6  13:29    5,6  00:06    7,5    0,0    0,0    2,7    8,3  14:30    115
 17   13,0   20,2  15:41    7,4  05:33    5,3    0,0    0,0    0,8    6,9  13:04    174
 18   11,5   17,1  10:40    7,7  23:51    6,9    0,0    0,0    0,8    6,1  11:19    271
 19   11,0   17,3  12:36    6,7  05:38    7,3    0,0    0,6    1,3    6,1  11:49    273
 20    9,7   15,8  14:51    5,6  04:09    8,7    0,0    0,0    1,8    9,2  17:57    262
 21   10,2   17,2  15:12    5,6  01:01    8,1    0,0    4,7    2,2    7,5  10:12    152
 22   10,1   15,3  09:40    7,1  03:07    8,2    0,0    6,1    3,5   10,0  16:29    159
 23    9,6   13,7  18:12    5,7  23:12    8,7    0,0    0,6    2,3    6,9  01:24    216
 24   12,3   18,9  15:59    5,7  01:06    6,0    0,0    0,0    4,4   12,2  15:32    124
 25   10,5   13,2  11:56    8,4  23:05    7,8    0,0    7,4    1,8   10,0  00:43    117
 26    8,6   10,5  10:41    7,4  06:30    9,7    0,0    6,7    2,4    7,5  11:41    159
 27   10,6   14,7  14:30    8,3  04:51    7,7    0,0    2,7    1,1    3,6  15:35      9
 28   12,5   18,5  16:24    6,9  04:40    5,8    0,0    0,0    1,6    5,3  13:50    295
 29   13,5   21,3  15:56    7,5  01:10    4,9    0,0    0,0    1,4    3,6  03:59    300
 30   17,7   28,0  15:46    8,2  05:20    0,7    0,0    0,0    0,6    3,6  15:59     89
 31   17,3   24,7  15:20    9,8  03:15    1,0    0,0    0,0    1,4    4,4  12:09    302
---------------------------------------------------------------------------------------
      10,7   28,0     30    2,6     07  237,8    0,0   86,4    2,2   14,4     05    182
    
