                   MONTHLY CLIMATOLOGICAL SUMMARY for jun 2022


NAME: Midtsjlland, Danmark                  
ELEV: 94 meters    LAT: 55-34.51 N    LONG: 011-49.59 E


                   TEMPERATURE (C), RAIN (mm), WIND SPEED (m/s)

                                         HEAT   COOL         AVG
      MEAN                               DEG    DEG          WIND                   DOM
DAY   TEMP   HIGH   TIME    LOW   TIME   DAYS   DAYS   RAIN  SPEED   HIGH   TIME    DIR
---------------------------------------------------------------------------------------
 01   13,5   18,9  07:30    9,0  23:50    4,9    0,0    3,3    1,0    6,9  10:55     79
 02   11,0   14,2  08:40    7,4  03:32    7,4    0,0    0,7    4,4    9,2  11:47    342
 03   12,5   18,1  17:59   10,2  23:24    5,9    0,0    0,0    3,9    9,2  16:05    289
 04   15,3   24,4  15:04    8,9  01:25    3,0    0,0    0,0    0,4    3,6  10:05    283
 05   17,5   24,9  13:00   10,9  00:41    0,9    0,0    0,0    1,8    6,9  14:57     86
 06   18,6   33,8  14:20   13,3  00:20    0,0    0,3    4,7    3,7    9,2  07:16     72
 07   15,0   26,0  16:44   11,6  06:01    3,4    0,0    3,4    4,0   10,6  17:59     90
 08   14,0   19,9  18:15   10,5  02:58    4,3    0,0    0,0    3,9    8,3  00:07    338
 09   16,1   21,9  14:07   12,3  02:34    2,3    0,0    0,0    3,1    9,2  17:46    222
 10   15,8   20,9  15:50   12,6  07:50    2,5    0,0    0,0    4,0   11,4  17:52    249
 11   17,2   22,3  16:41   12,3  23:59    1,1    0,0    0,0    4,0   10,6  16:55    269
 12   14,7   19,5  13:05   10,6  03:55    3,6    0,0    0,0    4,1    9,2  11:51    281
 13   13,1   17,6  14:45   10,3  01:15    5,2    0,0    0,0    5,3   13,1  18:20    246
 14   13,3   18,5  17:20    9,4  01:12    5,0    0,0    0,0    5,5   13,1  12:25    254
 15   14,7   19,6  19:10   11,3  04:07    3,7    0,0    0,0    3,3   12,2  12:16    300
 16   15,5   21,8  17:01   10,6  04:11    2,8    0,0    0,0    3,7   11,4  16:27    283
 17   16,0   21,2  12:23   10,5  03:31    2,3    0,0    0,0    3,4   10,6  16:07      3
 18   18,4   23,2  16:49   13,3  23:39    0,0    0,0    0,0    3,6   14,4  13:59    283
 19   12,8   16,6  18:05   10,7  22:53    5,5    0,0    8,0    0,6    3,1  07:41     80
 20   13,4   22,0  14:25   10,4  03:44    4,9    0,0    2,0    1,3    9,2  12:10     93
 21   15,2   20,1  16:02   10,5  03:48    3,1    0,0    0,0    5,0   11,4  08:01    259
 22   14,7   18,6  17:51   12,3  03:00    3,6    0,0    0,0    3,8    9,2  13:17    267
 23   18,4   26,2  14:51   11,3  03:18    0,0    0,1    0,0    1,8    4,4  12:12    252
 24   20,1   27,0  15:57   14,1  04:46    0,0    1,8    0,0    5,8   11,4  12:35     79
 25   21,8   29,9  18:35   16,7  06:01    0,0    3,5    0,0    0,5    3,6  00:00     90
 26   23,1   31,7  13:25   17,7  04:56    0,0    4,8    0,0    1,3    6,9  14:55    118
 27   23,6   33,2  23:14   17,2  02:44    0,0    5,3   18,1    1,8    6,1  14:47     31
 28   25,1   34,7  01:25   14,8  23:55    0,0    6,7    0,0    1,9    7,5  02:40    277
 29   20,2   31,1  15:19   12,8  04:50    0,0    1,8    0,0    1,0    5,3  16:25      9
 30   20,9   31,0  13:14   11,6  04:23    0,0    2,5    0,0    1,2    6,1  14:13    350
---------------------------------------------------------------------------------------
      16,7   34,7     28    7,4     02   75,3   26,8   40,2    3,0   14,4     18    298
    
