                   MONTHLY CLIMATOLOGICAL SUMMARY for mar 2021


NAME: Midtsjlland, Danmark                  
ELEV: 94 meters    LAT: 55-34.51 N    LONG: 011-49.59 E


                   TEMPERATURE (C), RAIN (mm), WIND SPEED (m/s)

                                         HEAT   COOL         AVG
      MEAN                               DEG    DEG          WIND                   DOM
DAY   TEMP   HIGH   TIME    LOW   TIME   DAYS   DAYS   RAIN  SPEED   HIGH   TIME    DIR
---------------------------------------------------------------------------------------
 01    3,5   10,1  15:20    0,9  01:16   14,8    0,0    0,0    1,7    7,5  13:48    256
 02    1,6    3,9  15:07   -0,2  03:35   16,7    0,0    0,6    1,3    6,1  08:44    268
 03    1,7   10,3  13:18   -1,8  07:09   16,6    0,0    0,0    1,0    6,1  20:31    262
 04    1,4    5,6  11:52   -2,3  23:44   16,9    0,0    0,0    2,6    6,9  02:21    325
 05   -0,0    5,7  14:36   -4,1  02:16   18,3    0,0    0,0    1,3    8,3  12:07    305
 06    1,3    4,6  13:40   -3,0  00:00   17,0    0,0    0,0    5,4   15,3  14:41    265
 07    1,9    6,5  12:29   -2,7  23:30   16,4    0,0    0,0    5,5   13,9  02:07    285
 08   -0,3    7,1  15:23   -6,0  06:21   18,7    0,0    0,0    0,4    3,6  11:53    351
 09    1,0    9,9  15:03   -4,4  07:00   17,3    0,0    0,0    0,8    5,3  16:18    170
 10    1,0    5,2  13:02   -3,5  05:21   17,3    0,0    0,0    4,0   11,4  15:27    137
 11    3,5    7,1  13:30    0,3  06:30   14,8    0,0   10,1    6,7   13,1  20:05    166
 12    4,2    6,9  15:52    1,8  11:54   14,1    0,0    4,0    4,4   10,0  10:50    225
 13    2,8    5,2  16:29    0,5  14:19   15,5    0,0   10,1    3,5    9,2  02:05    171
 14    3,7    8,2  13:22    1,3  00:00   14,6    0,0    0,6    3,9    9,2  10:45    273
 15    3,6    6,7  13:28    1,1  23:40   14,7    0,0    0,7    3,0    6,9  20:43    290
 16    3,1    9,1  10:30   -1,5  23:57   15,3    0,0    0,0    1,3    3,6  12:18    330
 17    3,0   10,6  11:01   -2,0  01:25   15,3    0,0    0,0    0,8    4,4  13:13    337
 18    1,5    7,1  13:00   -2,5  06:02   16,8    0,0    0,7    1,7    6,1  11:58    330
 19    0,4    6,6  13:56   -5,0  23:55   17,9    0,0    0,0    0,9    6,1  16:27    342
 20    1,6    4,8  17:30   -5,0  00:00   16,7    0,0    0,0    3,2   13,1  21:45    244
 21    4,6    8,2  14:11   -0,4  23:55   13,7    0,0    0,0    4,3   12,2  03:20    310
 22    3,9    9,5  09:47   -1,6  03:39   14,5    0,0    0,0    3,1   10,0  12:52    268
 23    5,0    6,5  15:29    3,6  05:46   13,3    0,0    0,0    2,9   10,0  01:10    257
 24    6,9   10,4  12:40    2,8  06:30   11,4    0,0    0,0    2,3    5,3  01:21    217
 25    7,7   13,3  14:31    3,1  06:33   10,6    0,0    0,0    2,0    6,1  11:34    208
 26    8,8   13,2  12:45    3,9  06:03    9,5    0,0    0,0    3,3    7,5  22:01    170
 27    5,6    8,5  08:31    2,8  22:52   12,8    0,0    1,3    3,9   10,6  15:25    224
 28    5,0    7,4  10:33    2,1  01:53   13,3    0,0    2,7    3,9    7,5  11:43    206
 29    8,2   10,2  15:31    7,1  06:09   10,1    0,0    0,7    4,5   10,6  18:55    224
 30   11,3   17,2  15:15    6,2  05:09    7,0    0,0    0,0    2,8    7,5  12:50    227
 31   11,2   20,0  15:41    3,3  06:30    7,1    0,0    0,0    1,3    6,9  15:09    238
---------------------------------------------------------------------------------------
       3,8   20,0     31   -6,0     08  449,2    0,0   31,5    2,8   15,3     06    242
    
