                   MONTHLY CLIMATOLOGICAL SUMMARY for sep 2022


NAME: Midtsjlland, Danmark                  
ELEV: 94 meters    LAT: 55-34.51 N    LONG: 011-49.59 E


                   TEMPERATURE (C), RAIN (mm), WIND SPEED (m/s)

                                         HEAT   COOL         AVG
      MEAN                               DEG    DEG          WIND                   DOM
DAY   TEMP   HIGH   TIME    LOW   TIME   DAYS   DAYS   RAIN  SPEED   HIGH   TIME    DIR
---------------------------------------------------------------------------------------
 01   16,9   27,5  15:13    9,8  05:53    1,4    0,0    0,0    0,2    3,1  12:23      0
 02   17,0   28,5  14:12   10,2  03:00    1,3    0,0    0,0    0,8    5,3  17:29      8
 03   16,0   20,1  15:34    0,0  23:57    2,3    0,0    0,0    2,9    8,3  14:30     82
 04   16,5   20,7  13:55   13,0  06:01    1,8    0,0    0,0    1,9    6,1  22:21     99
 05   16,6   21,5  12:58   13,4  01:18    1,7    0,0    0,0    5,2   13,1  15:17     99
 06   16,1   20,0  16:25   13,0  22:40    2,3    0,0    0,0    4,9   14,4  14:21     98
 07   15,4   21,2  13:22   11,6  04:38    3,0    0,0    0,6    5,5   14,4  15:30     86
 08   16,9   31,0  22:36   13,1  20:32    1,5    0,0   11,4    8,2   17,5  10:00     86
 09   21,6   32,8  09:17   13,0  23:53    0,0    3,3    8,1    2,3   12,2  01:56    116
 10   15,9   24,3  14:05   11,4  23:57    2,5    0,0    3,3    0,8    8,3  09:59      9
 11   15,0   20,3  15:18   11,2  23:06    3,3    0,0    0,0    0,5    4,4  16:11    336
 12   15,7   20,9  12:08   10,8  00:37    2,6    0,0    0,7    1,3    6,9  17:57    240
 13   15,1   17,9  15:02   12,6  23:18    3,2    0,0    4,0    7,0   15,3  12:07    243
 14   14,0   16,6  14:46   12,4  22:10    4,4    0,0    0,0    7,6   17,5  02:25    268
 15   12,4   15,8  14:00   10,1  07:05    5,9    0,0    2,0    8,6   21,4  12:26    268
 16   12,4   17,2  15:11    9,6  05:17    6,0    0,0    1,3    5,7   16,1  00:16    280
 17   14,3   20,9  08:59   10,9  00:07    4,0    0,0    0,0    2,1    5,3  09:39     62
 18   14,3   26,1  14:11    8,2  20:28    4,0    0,0    9,4    1,2    8,3  11:40    186
 19   16,9   29,4  07:25    8,5  23:25    1,4    0,0    2,0    1,4    6,9  08:27    347
 20   12,5   18,6  08:05    8,3  23:45    5,9    0,0    1,4    1,1    6,1  10:13     27
 21   12,4   20,1  12:52    7,8  00:55    6,0    0,0    0,0    0,2    3,6  13:52     35
 22   12,9   17,8  12:30    9,2  00:00    5,4    0,0    0,0    1,9    9,2  13:04    159
 23
 24
 25
 26
 27
 28
 29
 30
---------------------------------------------------------------------------------------
      15,3   32,8     09    0,0     03   69,9    3,3   44,2    3,3   21,4     15    100
    
