                   MONTHLY CLIMATOLOGICAL SUMMARY for okt 2021


NAME: Midtsjlland, Danmark                  
ELEV: 94 meters    LAT: 55-34.51 N    LONG: 011-49.59 E


                   TEMPERATURE (C), RAIN (mm), WIND SPEED (m/s)

                                         HEAT   COOL         AVG
      MEAN                               DEG    DEG          WIND                   DOM
DAY   TEMP   HIGH   TIME    LOW   TIME   DAYS   DAYS   RAIN  SPEED   HIGH   TIME    DIR
---------------------------------------------------------------------------------------
 01   12,0   15,8  14:32    9,4  02:21    6,3    0,0    1,3    4,2   10,0  13:29    154
 02   12,1   14,1  15:49   10,5  06:10    6,2    0,0    2,0    2,3    6,1  00:01    143
 03   14,9   16,9  20:27   13,0  00:00    3,5    0,0    2,7    4,3    9,2  10:20    140
 04   12,0   15,0  17:01   10,1  22:10    6,3    0,0    0,0    1,5    5,3  00:02    163
 05   11,0   12,7  11:25    9,6  06:01    7,4    0,0    9,4    1,5    6,1  14:35    122
 06   11,9   16,2  14:48    8,9  23:39    6,4    0,0    0,6    1,0    4,4  13:18    157
 07   12,6   19,5  15:13    7,8  06:05    5,8    0,0    0,0    0,5    3,6  12:22    121
 08   10,8   17,4  15:06    8,2  22:27    7,5    0,0    0,7    0,6    3,1  02:35    114
 09   11,4   17,0  13:38    7,8  23:55    6,9    0,0    0,0    1,2    4,4  10:35    123
 10    9,2   15,1  11:28    6,0  21:27    9,1    0,0    0,0    1,6    6,1  12:22    154
 11    9,7   14,4  13:22    7,3  00:06    8,6    0,0    1,3    2,7   12,2  17:15    266
 12    7,7   11,5  15:10    4,5  07:52   10,6    0,0    2,7    1,5    6,1  16:35    303
 13    7,5   13,5  10:32    3,1  07:04   10,8    0,0    0,0    0,7    6,1  15:26    267
 14   10,6   13,5  11:17    7,2  00:13    7,7    0,0    1,4    0,9    4,4  06:28    230
 15    9,9   12,7  15:21    7,1  23:55    8,4    0,0    5,3    3,6   10,0  16:33    264
 16    7,9   12,0  11:55    4,5  07:10   10,5    0,0    0,0    1,1    6,1  12:06    252
 17    8,6   12,6  13:15    7,3  00:32    9,7    0,0    0,0    0,6    3,1  11:28    259
 18    9,0   10,7  23:52    7,5  00:19    9,3    0,0    4,0    2,3    6,9  17:55     93
 19   11,3   14,6  23:54   10,0  05:25    7,0    0,0    4,7    2,5    6,1  19:34    159
 20   13,8   15,0  05:02   11,1  23:56    4,6    0,0   15,4    2,9    6,1  12:27    205
 21    9,0   11,6  01:43    5,5  21:30    9,3    0,0   12,7    3,8   10,6  15:10    252
 22    6,7    8,1  13:56    5,2  08:07   11,7    0,0    5,4    4,7   13,1  19:35    264
 23    7,4   10,9  13:01    4,2  19:41   10,9    0,0    0,0    3,8   11,4  01:09    273
 24    7,8   12,4  14:27    5,4  23:40   10,6    0,0    0,0    2,4    6,1  15:42    164
 25    7,8   11,9  12:06    4,1  06:14   10,6    0,0    0,0    2,3    4,4  08:45    165
 26    9,7   13,2  12:17    7,3  20:25    8,6    0,0    2,0    1,0    4,4  11:33    208
 27   12,3   13,4  16:21    9,8  00:00    6,0    0,0    0,7    2,4    4,4  02:30    205
 28   11,9   14,7  14:22   10,0  23:30    6,4    0,0    0,7    2,9    5,3  21:31    173
 29   10,3   15,0  14:55    6,9  06:55    8,0    0,0    0,0    3,7    7,5  20:00    145
 30   10,1   14,5  13:56    7,7  04:57    8,3    0,0    0,0    3,0    6,1  21:02    141
 31   10,9   13,6  13:30    9,2  00:29    7,4    0,0    4,0    2,8    9,2  23:15    147
---------------------------------------------------------------------------------------
      10,2   19,5     07    3,1     13  250,6    0,0   77,0    2,3   13,1     22    186
    
