                   MONTHLY CLIMATOLOGICAL SUMMARY for apr 2021


NAME: Midtsjlland, Danmark                  
ELEV: 94 meters    LAT: 55-34.51 N    LONG: 011-49.59 E


                   TEMPERATURE (C), RAIN (mm), WIND SPEED (m/s)

                                         HEAT   COOL         AVG
      MEAN                               DEG    DEG          WIND                   DOM
DAY   TEMP   HIGH   TIME    LOW   TIME   DAYS   DAYS   RAIN  SPEED   HIGH   TIME    DIR
---------------------------------------------------------------------------------------
 01    6,0   10,4  00:56    0,8  23:09   12,4    0,0    0,6    1,4    6,1  08:57    318
 02    4,7   10,2  15:47    0,5  00:19   13,7    0,0    0,0    3,4   10,6  12:08    296
 03    3,8    8,4  12:50   -1,0  23:57   14,6    0,0    0,0    2,5    6,9  11:52    341
 04    3,8    8,6  14:08   -1,1  00:56   14,6    0,0    0,0    3,6   10,6  13:45    234
 05    2,5    5,6  02:29   -0,5  13:59   15,8    0,0    2,7    8,0   19,2  10:13    271
 06    2,5    6,9  15:09    0,5  23:46   15,9    0,0    1,4    6,5   15,3  13:10    270
 07    3,0   10,0  15:56   -0,7  01:45   15,3    0,0    2,0    3,3   16,1  17:16    265
 08    3,3    6,1  12:47    0,8  06:24   15,0    0,0    1,3    4,9   15,3  13:21    253
 09    4,9    9,9  15:08    1,4  23:50   13,4    0,0    0,7    5,5   15,3  15:32    229
 10    4,1   10,5  15:53   -0,4  06:12   14,3    0,0    0,0    2,4   10,6  14:51    252
 11    3,3    7,7  18:04    0,1  10:01   15,0    0,0    6,7    3,3   14,4  08:26    114
 12    3,8    9,3  15:57    1,2  22:59   14,5    0,0    0,6    4,5   12,2  14:56    260
 13    4,3   10,2  14:54    0,8  23:41   14,0    0,0    0,0    3,5   10,6  13:00    252
 14    4,8   12,6  11:19   -1,1  04:02   13,5    0,0    0,0    1,1    6,1  15:10    341
 15    5,6   12,4  11:35    0,8  06:34   12,7    0,0    0,0    1,8    7,5  16:15    343
 16    5,5   11,1  13:38   -1,9  06:15   12,8    0,0    0,0    1,9    6,1  10:46    340
 17    9,5   18,3  15:23    3,0  05:00    8,8    0,0    0,0    1,0    5,3  13:06      8
 18   10,7   19,9  14:36    3,5  05:44    7,6    0,0    0,0    1,1    5,3  22:31     29
 19   11,1   20,7  15:41    2,9  06:04    7,2    0,0    0,0    1,0    8,3  12:46     80
 20   10,9   18,9  14:03    1,8  06:07    7,4    0,0    0,0    0,8    4,4  12:45    340
 21    7,0   11,2  13:58    4,0  23:56   11,4    0,0    0,0    6,3   17,5  15:38    273
 22    6,4   10,9  15:58    3,1  23:42   11,9    0,0    0,0    6,3   15,3  10:34    294
 23    6,1   10,7  12:40    0,9  05:35   12,2    0,0    0,0    3,7   12,2  15:22    291
 24    5,4   10,4  12:33    0,1  06:15   12,9    0,0    0,0    2,4    7,5  13:10    320
 25    3,9    9,2  15:20   -2,1  02:51   14,5    0,0    0,7    3,0   12,2  13:09    329
 26    3,0   10,4  14:35   -1,6  04:54   15,3    0,0    2,7    1,2    7,5  11:58    310
 27    5,8   15,4  15:23   -2,1  04:25   12,5    0,0    0,0    1,0    6,9  15:48     66
 28    7,3   13,6  14:12    1,4  01:15   11,0    0,0    0,0    3,5   10,0  17:39    107
 29    7,8   13,5  13:47    4,6  05:34   10,6    0,0    4,0    1,5    9,2  18:08    122
 30    8,4   16,9  13:52    4,1  06:26    9,9    0,0    1,4    1,1    6,1  14:49     18
---------------------------------------------------------------------------------------
       5,6   20,7     19   -2,1     25  380,8    0,0   24,8    3,0   19,2     05    279
    
